@ATTRIBUTEDEF=state-0
@ATTRIBUTEDEF=state-1
@ATTRIBUTEDEF=state-2
@ATTRIBUTEDEF=state-3
@ATTRIBUTEDEF=state-4
@ATTRIBUTEDEF=state-5
@ATTRIBUTEDEF=EnterRoom
@ATTRIBUTEDEF=ConnectIPDevice
@ATTRIBUTEDEF=DisconnectIPDevice
@ATTRIBUTEDEF=ConnectBusDevice
@ATTRIBUTEDEF=DisconnectBusDevice
@ATTRIBUTEDEF=SendData
@ATTRIBUTEDEF=SendMalware
@ATTRIBUTEDEF=DisableHVAC
@ATTRIBUTEDEF=EnterRoomWithoutCardReader
@ATTRIBUTEDEF=ChangeAccessToCardRequired
@ATTRIBUTEDEF=ChangeAccessToCardNotRequired
@ATTRIBUTEDEF=ChangeContextToOutSideWorkingHours
@ATTRIBUTEDEF=ChangeContextToWorkingHours
@ATTRIBUTEDEF=TurnOnHVAC
@ATTRIBUTEDEF=TurnOffHVAC
@ATTRIBUTEDEF=TurnOnSmartTV
@ATTRIBUTEDEF=TurnOffSmartTV
@ATTRIBUTEDEF=GenerateData
@ATTRIBUTEDEF=CollectData
@NAME=0
1 64 271 937 -1 -1 1 0 0 1 0 0 0 0 0 0 0 0 0 0 0 0 0 0 1
@NAME=1
1 63 274 946 -1 -1 1 0 0 1 0 0 0 0 0 0 0 0 0 0 0 0 0 0 1
@NAME=2
1 62 277 956 -1 -1 1 0 0 1 0 0 0 0 0 0 0 0 0 0 0 0 0 0 1
@NAME=3
1 59 299 1018 -1 -1 1 0 0 1 0 0 0 0 0 0 0 0 0 0 0 0 0 0 1
@NAME=4
1 63 99 386 1284 -1 1 0 0 1 0 0 0 0 0 0 0 0 0 0 1 0 0 0 1
@NAME=5
1 64 98 389 1292 -1 1 0 0 1 0 0 0 0 0 0 0 0 0 0 1 0 0 0 1
@NAME=6
1 62 97 392 1302 -1 1 0 0 1 0 0 0 0 0 0 0 0 0 0 1 0 0 0 1
@NAME=7
1 59 94 416 1373 -1 1 0 0 1 0 0 0 0 0 0 0 0 0 0 1 0 0 0 1
@NAME=8
1 63 93 419 1382 -1 1 0 0 1 0 0 0 0 0 0 0 0 0 0 1 0 0 0 1
@NAME=9
1 59 165 683 2246 -1 1 0 0 1 0 0 0 0 0 0 0 0 0 0 0 1 0 0 1
@NAME=10
1 64 162 703 2309 -1 1 0 0 1 0 0 0 0 0 0 0 0 0 0 0 1 0 0 1
@NAME=11
1 63 161 706 2317 -1 1 0 0 1 0 0 0 0 0 0 0 0 0 0 0 1 0 0 1
@NAME=12
1 62 160 709 2326 -1 1 0 0 1 0 0 0 0 0 0 0 0 0 0 0 1 0 0 1
@NAME=13
1 59 185 729 2359 -1 1 0 0 1 0 0 0 0 0 0 0 0 0 0 1 0 0 0 1
@NAME=14
1 64 182 749 2422 -1 1 0 0 1 0 0 0 0 0 0 0 0 0 0 1 0 0 0 1
@NAME=15
1 63 181 752 2430 -1 1 0 0 1 0 0 0 0 0 0 0 0 0 0 1 0 0 0 1
@NAME=16
1 62 180 755 2439 -1 1 0 0 1 0 0 0 0 0 0 0 0 0 0 1 0 0 0 1
@NAME=17
1 59 205 775 2472 -1 1 0 0 1 0 0 0 0 0 0 0 0 0 0 1 0 0 0 1
@NAME=18
1 62 202 795 2537 -1 1 0 0 1 0 0 0 0 0 0 0 0 0 0 1 0 0 0 1
@NAME=19
1 63 201 799 2545 -1 1 0 0 1 0 0 0 0 0 0 0 0 0 0 1 0 0 0 1
@NAME=20
1 64 200 802 2552 -1 1 0 0 1 0 0 0 0 0 0 0 0 0 0 1 0 0 0 1
@NAME=21
1 59 234 829 2593 -1 1 0 0 1 0 0 0 0 0 0 0 0 0 0 1 0 0 0 1
@NAME=22
1 62 231 851 2667 -1 1 0 0 1 0 0 0 0 0 0 0 0 0 0 1 0 0 0 1
@NAME=23
1 63 230 855 2675 -1 1 0 0 1 0 0 0 0 0 0 0 0 0 0 1 0 0 0 1
@NAME=24
1 64 229 858 2682 -1 1 0 0 1 0 0 0 0 0 0 0 0 0 0 1 0 0 0 1
@NAME=25
1 59 228 862 2691 -1 1 0 0 1 0 0 0 0 0 0 0 0 0 0 1 0 0 0 1
@NAME=26
1 63 254 880 2724 -1 1 0 0 1 0 0 0 0 0 0 0 0 0 0 1 0 0 0 1
@NAME=27
1 62 253 883 2734 -1 1 0 0 1 0 0 0 0 0 0 0 0 0 0 1 0 0 0 1
@NAME=28
1 64 252 887 2742 -1 1 0 0 1 0 0 0 0 0 0 0 0 0 0 1 0 0 0 1
@NAME=29
1 59 249 908 2804 -1 1 0 0 1 0 0 0 0 0 0 0 0 0 0 1 0 0 0 1
@NAME=30
1 64 271 934 2849 -1 1 0 0 1 0 0 0 0 0 0 0 1 0 0 0 0 0 0 1
@NAME=31
1 64 271 936 2854 -1 1 0 0 1 0 0 1 0 0 0 0 0 0 0 0 0 0 0 1
@NAME=32
1 63 274 942 2865 -1 1 0 0 1 0 0 0 0 0 0 0 1 0 0 0 0 0 0 1
@NAME=33
1 63 274 944 2870 -1 1 0 0 1 0 0 1 0 0 0 0 0 0 0 0 0 0 0 1
@NAME=34
1 63 274 945 2871 -1 1 0 0 1 0 0 1 0 0 0 0 0 0 0 0 0 0 0 1
@NAME=35
1 62 277 951 2883 -1 1 0 0 1 0 0 0 0 0 0 0 1 0 0 0 0 0 0 1
@NAME=36
1 62 277 955 2890 -1 1 0 0 1 0 0 1 0 0 0 0 0 0 0 0 0 0 0 1
@NAME=37
1 59 299 1015 2988 -1 1 0 0 1 0 0 0 0 0 0 0 1 0 0 0 0 0 0 1
@NAME=38
1 59 299 1017 2993 -1 1 0 0 1 0 0 1 0 0 0 0 0 0 0 0 0 0 0 1
@NAME=39
1 59 299 1016 2994 -1 1 0 0 1 0 0 1 0 0 0 0 0 0 0 0 0 0 0 1
@NAME=40
1 63 161 347 1172 3462 1 0 0 1 0 0 0 0 0 0 0 0 0 0 1 1 0 0 1
@NAME=41
1 63 161 344 1194 3534 1 0 0 1 0 0 0 0 0 0 0 0 0 0 1 1 0 0 1
@NAME=42
1 64 162 343 1197 3541 1 0 0 1 0 0 0 0 0 0 0 0 0 0 1 1 0 0 1
@NAME=43
1 59 165 342 1201 3550 1 0 0 1 0 0 0 0 0 0 0 0 0 0 1 1 0 0 1
@NAME=44
1 62 160 341 1204 3560 1 0 0 1 0 0 0 0 0 0 0 0 0 0 1 1 0 0 1
@NAME=45
1 59 249 367 1224 3593 1 0 0 1 0 0 0 0 0 0 0 0 0 1 1 0 0 0 1
@NAME=46
1 62 253 364 1244 3658 1 0 0 1 0 0 0 0 0 0 0 0 0 1 1 0 0 0 1
@NAME=47
1 64 252 363 1248 3665 1 0 0 1 0 0 0 0 0 0 0 0 0 1 1 0 0 0 1
@NAME=48
1 63 254 362 1251 3673 1 0 0 1 0 0 0 0 0 0 0 0 0 1 1 0 0 0 1
@NAME=49
1 63 99 386 1280 3722 1 0 0 1 0 0 0 0 0 0 0 1 0 0 1 0 0 0 1
@NAME=50
1 63 99 386 1282 3727 1 0 0 1 0 0 1 0 0 0 0 0 0 0 1 0 0 0 1
@NAME=51
1 63 99 386 1283 3728 1 0 0 1 0 0 1 0 0 0 0 0 0 0 1 0 0 0 1
@NAME=52
1 64 98 389 1289 3739 1 0 0 1 0 0 0 0 0 0 0 1 0 0 1 0 0 0 1
@NAME=53
1 64 98 389 1291 3744 1 0 0 1 0 0 1 0 0 0 0 0 0 0 1 0 0 0 1
@NAME=54
1 62 97 392 1297 3755 1 0 0 1 0 0 0 0 0 0 0 1 0 0 1 0 0 0 1
@NAME=55
1 62 97 392 1301 3762 1 0 0 1 0 0 1 0 0 0 0 0 0 0 1 0 0 0 1
@NAME=56
1 59 94 416 1370 3878 1 0 0 1 0 0 0 0 0 0 0 1 0 0 1 0 0 0 1
@NAME=57
1 59 94 416 1371 3883 1 0 0 1 0 0 1 0 0 0 0 0 0 0 1 0 0 0 1
@NAME=58
1 59 94 416 1372 3884 1 0 0 1 0 0 1 0 0 0 0 0 0 0 1 0 0 0 1
@NAME=59
1 63 93 419 1379 3895 1 0 0 1 0 0 0 0 0 0 0 1 0 0 1 0 0 0 1
@NAME=60
1 63 93 419 1380 3899 1 0 0 1 0 0 1 0 0 0 0 0 0 0 1 0 0 0 1
@NAME=61
1 63 93 419 1381 3900 1 0 0 1 0 0 1 0 0 0 0 0 0 0 1 0 0 0 1
@NAME=62
11 99 386 1284 -1 -1 1 0 0 1 0 0 0 0 0 0 0 0 0 0 0 0 0 0 1
@NAME=63
11 98 389 1292 -1 -1 1 0 0 1 0 0 0 0 0 0 0 0 0 0 0 0 0 0 1
@NAME=64
11 97 392 1302 -1 -1 1 0 0 1 0 0 0 0 0 0 0 0 0 0 0 0 0 0 1
@NAME=65
11 94 416 1373 -1 -1 1 0 0 1 0 0 0 0 0 0 0 0 0 0 0 0 0 0 1
@NAME=66
11 93 419 1382 -1 -1 1 0 0 1 0 0 0 0 0 0 0 0 0 0 0 0 0 0 1
@NAME=67
11 99 347 1172 3462 -1 1 0 0 1 0 0 0 0 0 0 0 0 0 0 0 1 0 0 1
@NAME=68
11 93 344 1194 3534 -1 1 0 0 1 0 0 0 0 0 0 0 0 0 0 0 1 0 0 1
@NAME=69
11 98 343 1197 3541 -1 1 0 0 1 0 0 0 0 0 0 0 0 0 0 0 1 0 0 1
@NAME=70
11 94 342 1201 3550 -1 1 0 0 1 0 0 0 0 0 0 0 0 0 0 0 1 0 0 1
@NAME=71
11 97 341 1204 3560 -1 1 0 0 1 0 0 0 0 0 0 0 0 0 0 0 1 0 0 1
@NAME=72
11 94 367 1224 3593 -1 1 0 0 1 0 0 0 0 0 0 0 0 0 1 0 0 0 0 1
@NAME=73
11 97 364 1244 3658 -1 1 0 0 1 0 0 0 0 0 0 0 0 0 1 0 0 0 0 1
@NAME=74
11 98 363 1248 3665 -1 1 0 0 1 0 0 0 0 0 0 0 0 0 1 0 0 0 0 1
@NAME=75
11 93 362 1251 3673 -1 1 0 0 1 0 0 0 0 0 0 0 0 0 1 0 0 0 0 1
@NAME=76
11 99 386 1280 3722 -1 1 0 0 1 0 0 0 0 0 0 0 1 0 0 0 0 0 0 1
@NAME=77
11 99 386 1282 3727 -1 1 0 0 1 0 0 1 0 0 0 0 0 0 0 0 0 0 0 1
@NAME=78
11 99 386 1283 3728 -1 1 0 0 1 0 0 1 0 0 0 0 0 0 0 0 0 0 0 1
@NAME=79
11 98 389 1289 3739 -1 1 0 0 1 0 0 0 0 0 0 0 1 0 0 0 0 0 0 1
@NAME=80
11 98 389 1291 3744 -1 1 0 0 1 0 0 1 0 0 0 0 0 0 0 0 0 0 0 1
@NAME=81
11 97 392 1297 3755 -1 1 0 0 1 0 0 0 0 0 0 0 1 0 0 0 0 0 0 1
@NAME=82
11 97 392 1301 3762 -1 1 0 0 1 0 0 1 0 0 0 0 0 0 0 0 0 0 0 1
@NAME=83
11 94 416 1370 3878 -1 1 0 0 1 0 0 0 0 0 0 0 1 0 0 0 0 0 0 1
@NAME=84
11 94 416 1371 3883 -1 1 0 0 1 0 0 1 0 0 0 0 0 0 0 0 0 0 0 1
@NAME=85
11 94 416 1372 3884 -1 1 0 0 1 0 0 1 0 0 0 0 0 0 0 0 0 0 0 1
@NAME=86
11 93 419 1379 3895 -1 1 0 0 1 0 0 0 0 0 0 0 1 0 0 0 0 0 0 1
@NAME=87
11 93 419 1380 3899 -1 1 0 0 1 0 0 1 0 0 0 0 0 0 0 0 0 0 0 1
@NAME=88
11 93 419 1381 3900 -1 1 0 0 1 0 0 1 0 0 0 0 0 0 0 0 0 0 0 1
@NAME=89
17 165 683 2246 -1 -1 1 0 0 1 0 0 0 0 0 0 0 0 0 0 0 0 0 0 1
@NAME=90
17 162 703 2309 -1 -1 1 0 0 1 0 0 0 0 0 0 0 0 0 0 0 0 0 0 1
@NAME=91
17 161 706 2317 -1 -1 1 0 0 1 0 0 0 0 0 0 0 0 0 0 0 0 0 0 1
@NAME=92
17 160 709 2326 -1 -1 1 0 0 1 0 0 0 0 0 0 0 0 0 0 0 0 0 0 1
@NAME=93
17 161 347 1172 3462 -1 1 0 0 1 0 0 0 0 0 0 0 0 0 0 1 0 0 0 1
@NAME=94
17 161 344 1194 3534 -1 1 0 0 1 0 0 0 0 0 0 0 0 0 0 1 0 0 0 1
@NAME=95
17 162 343 1197 3541 -1 1 0 0 1 0 0 0 0 0 0 0 0 0 0 1 0 0 0 1
@NAME=96
17 165 342 1201 3550 -1 1 0 0 1 0 0 0 0 0 0 0 0 0 0 1 0 0 0 1
@NAME=97
17 160 341 1204 3560 -1 1 0 0 1 0 0 0 0 0 0 0 0 0 0 1 0 0 0 1
@NAME=98
28 185 729 2359 -1 -1 1 0 0 1 0 0 0 0 0 0 0 0 0 0 0 0 0 0 1
@NAME=99
28 182 749 2422 -1 -1 1 0 0 1 0 0 0 0 0 0 0 0 0 0 0 0 0 0 1
@NAME=100
28 181 752 2430 -1 -1 1 0 0 1 0 0 0 0 0 0 0 0 0 0 0 0 0 0 1
@NAME=101
28 180 755 2439 -1 -1 1 0 0 1 0 0 0 0 0 0 0 0 0 0 0 0 0 0 1
@NAME=102
28 185 367 1224 3593 -1 1 0 0 1 0 0 0 0 0 0 0 0 0 1 0 0 0 0 1
@NAME=103
28 180 364 1244 3658 -1 1 0 0 1 0 0 0 0 0 0 0 0 0 1 0 0 0 0 1
@NAME=104
28 182 363 1248 3665 -1 1 0 0 1 0 0 0 0 0 0 0 0 0 1 0 0 0 0 1
@NAME=105
28 181 362 1251 3673 -1 1 0 0 1 0 0 0 0 0 0 0 0 0 1 0 0 0 0 1
@NAME=106
32 205 775 2472 -1 -1 1 0 0 1 0 0 0 0 0 0 0 0 0 0 0 0 0 0 1
@NAME=107
32 202 795 2537 -1 -1 1 0 0 1 0 0 0 0 0 0 0 0 0 0 0 0 0 0 1
@NAME=108
32 201 799 2545 -1 -1 1 0 0 1 0 0 0 0 0 0 0 0 0 0 0 0 0 0 1
@NAME=109
32 200 802 2552 -1 -1 1 0 0 1 0 0 0 0 0 0 0 0 0 0 0 0 0 0 1
@NAME=110
32 205 367 1224 3593 -1 1 0 0 1 0 0 0 0 0 0 0 0 0 1 0 0 0 0 1
@NAME=111
32 202 364 1244 3658 -1 1 0 0 1 0 0 0 0 0 0 0 0 0 1 0 0 0 0 1
@NAME=112
32 200 363 1248 3665 -1 1 0 0 1 0 0 0 0 0 0 0 0 0 1 0 0 0 0 1
@NAME=113
32 201 362 1251 3673 -1 1 0 0 1 0 0 0 0 0 0 0 0 0 1 0 0 0 0 1
@NAME=114
36 234 829 2593 -1 -1 1 0 0 1 0 0 0 0 0 0 0 0 0 0 0 0 0 0 1
@NAME=115
36 231 851 2667 -1 -1 1 0 0 1 0 0 0 0 0 0 0 0 0 0 0 0 0 0 1
@NAME=116
36 230 855 2675 -1 -1 1 0 0 1 0 0 0 0 0 0 0 0 0 0 0 0 0 0 1
@NAME=117
36 229 858 2682 -1 -1 1 0 0 1 0 0 0 0 0 0 0 0 0 0 0 0 0 0 1
@NAME=118
36 228 862 2691 -1 -1 1 0 0 1 0 0 0 0 0 0 0 0 0 0 0 0 0 0 1
@NAME=119
36 228 367 1224 3593 -1 1 0 0 1 0 0 0 0 0 0 0 0 0 1 0 0 0 0 1
@NAME=120
36 231 364 1244 3658 -1 1 0 0 1 0 0 0 0 0 0 0 0 0 1 0 0 0 0 1
@NAME=121
36 229 363 1248 3665 -1 1 0 0 1 0 0 0 0 0 0 0 0 0 1 0 0 0 0 1
@NAME=122
36 230 362 1251 3673 -1 1 0 0 1 0 0 0 0 0 0 0 0 0 1 0 0 0 0 1
@NAME=123
41 254 880 2724 -1 -1 1 0 0 1 0 0 0 0 0 0 0 0 0 0 0 0 0 0 1
@NAME=124
41 253 883 2734 -1 -1 1 0 0 1 0 0 0 0 0 0 0 0 0 0 0 0 0 0 1
@NAME=125
41 252 887 2742 -1 -1 1 0 0 1 0 0 0 0 0 0 0 0 0 0 0 0 0 0 1
@NAME=126
41 249 908 2804 -1 -1 1 0 0 1 0 0 0 0 0 0 0 0 0 0 0 0 0 0 1
@NAME=127
41 249 367 1224 3593 -1 1 0 0 1 0 0 0 0 0 0 0 0 0 1 0 0 0 0 1
@NAME=128
41 253 364 1244 3658 -1 1 0 0 1 0 0 0 0 0 0 0 0 0 1 0 0 0 0 1
@NAME=129
41 252 363 1248 3665 -1 1 0 0 1 0 0 0 0 0 0 0 0 0 1 0 0 0 0 1
@NAME=130
41 254 362 1251 3673 -1 1 0 0 1 0 0 0 0 0 0 0 0 0 1 0 0 0 0 1
@NAME=131
65 347 1172 3462 -1 -1 1 0 0 1 0 0 0 0 0 0 0 0 0 0 0 0 0 0 1
@NAME=132
65 344 1194 3534 -1 -1 1 0 0 1 0 0 0 0 0 0 0 0 0 0 0 0 0 0 1
@NAME=133
65 343 1197 3541 -1 -1 1 0 0 1 0 0 0 0 0 0 0 0 0 0 0 0 0 0 1
@NAME=134
65 342 1201 3550 -1 -1 1 0 0 1 0 0 0 0 0 0 0 0 0 0 0 0 0 0 1
@NAME=135
65 341 1204 3560 -1 -1 1 0 0 1 0 0 0 0 0 0 0 0 0 0 0 0 0 0 1
@NAME=136
73 367 1224 3593 -1 -1 1 0 0 1 0 0 0 0 0 0 0 0 0 0 0 0 0 0 1
@NAME=137
73 364 1244 3658 -1 -1 1 0 0 1 0 0 0 0 0 0 0 0 0 0 0 0 0 0 1
@NAME=138
73 363 1248 3665 -1 -1 1 0 0 1 0 0 0 0 0 0 0 0 0 0 0 0 0 0 1
@NAME=139
73 362 1251 3673 -1 -1 1 0 0 1 0 0 0 0 0 0 0 0 0 0 0 0 0 0 1
