3003 8842
0 1
0 2
0 3
0 4
0 5
0 6
0 7
0 8
0 9
0 10
0 11
0 12
0 13
1 25
1 61
1 65
1 69
1 72
1 75
1 77
1 84
1 85
1 86
1 87
2 25
2 53
2 62
2 66
2 70
2 73
2 76
2 81
2 82
2 83
3 25
3 63
3 67
3 68
3 71
3 74
3 78
3 79
3 80
4 14
4 30
4 36
4 46
4 54
4 64
4 74
4 75
4 76
4 77
5 16
5 27
5 37
5 47
5 55
5 64
5 71
5 72
5 73
6 15
6 17
6 26
6 40
6 49
6 57
6 64
6 68
6 69
6 70
7 18
7 29
7 38
7 39
7 48
7 56
7 64
7 65
7 66
7 67
8 19
8 28
8 31
8 41
8 50
8 58
8 61
8 62
8 63
8 64
9 32
9 42
9 54
9 55
9 56
9 57
9 58
9 59
9 60
10 21
10 33
10 43
10 46
10 47
10 48
10 49
10 50
10 51
10 52
10 53
11 25
11 36
11 37
11 38
11 39
11 40
11 41
11 42
11 43
11 44
11 45
12 25
12 26
12 27
12 28
12 29
12 30
12 31
12 32
12 33
12 34
12 35
13 14
13 15
13 16
13 17
13 18
13 19
13 20
13 21
13 22
13 23
13 24
13 25
14 88
14 99
14 109
14 119
14 126
14 136
14 142
15 90
15 97
15 107
15 120
15 127
15 137
15 142
16 89
16 96
16 106
16 118
16 128
16 135
16 142
17 90
17 95
17 105
17 116
17 129
17 134
17 142
18 91
18 98
18 108
18 117
18 130
18 138
18 142
19 92
19 100
19 110
19 121
19 131
19 139
19 142
20 93
20 101
20 111
20 122
20 134
20 135
20 136
20 137
20 138
20 139
20 140
20 141
21 94
21 102
21 112
21 123
21 126
21 127
21 128
21 129
21 130
21 131
21 132
21 133
22 114
22 116
22 117
22 118
22 119
22 120
22 121
22 122
22 123
22 124
22 125
23 105
23 106
23 107
23 108
23 109
23 110
23 111
23 112
23 113
23 114
23 115
24 95
24 96
24 97
24 98
24 99
24 100
24 101
24 102
24 103
24 104
25 88
25 89
25 90
25 91
25 92
25 93
25 94
26 90
26 143
26 157
26 164
26 172
26 180
27 89
27 144
27 154
27 166
27 175
27 180
28 92
28 145
28 155
28 167
28 173
28 180
29 91
29 146
29 156
29 165
29 174
29 180
30 88
30 147
30 159
30 168
30 176
30 180
31 92
31 148
31 158
31 169
31 177
31 180
32 93
32 149
32 160
32 172
32 173
32 174
32 175
32 176
32 177
32 178
32 179
33 94
33 150
33 161
33 164
33 165
33 166
33 167
33 168
33 169
33 170
33 171
34 152
34 154
34 155
34 156
34 157
34 158
34 159
34 160
34 161
34 162
34 163
35 143
35 144
35 145
35 146
35 147
35 148
35 149
35 150
35 151
35 152
35 153
36 88
36 181
36 193
36 203
36 211
36 219
37 89
37 185
37 194
37 205
37 212
37 219
38 91
38 183
38 196
38 206
38 213
38 219
39 91
39 184
39 195
39 207
39 214
39 219
40 90
40 182
40 197
40 204
40 215
40 219
41 92
41 186
41 198
41 208
41 216
41 219
42 93
42 187
42 199
42 211
42 212
42 213
42 214
42 215
42 216
42 217
42 218
43 94
43 188
43 200
43 203
43 204
43 205
43 206
43 207
43 208
43 209
43 210
44 191
44 193
44 194
44 195
44 196
44 197
44 198
44 199
44 200
44 201
44 202
45 181
45 182
45 183
45 184
45 185
45 186
45 187
45 188
45 189
45 190
45 191
45 192
46 126
46 168
46 203
46 220
46 231
46 237
46 243
47 128
47 166
47 205
47 221
47 232
47 238
47 243
48 130
48 165
48 206
48 207
48 223
48 233
48 239
48 243
49 127
49 129
49 164
49 204
49 222
49 234
49 240
49 243
50 131
50 167
50 169
50 208
50 224
50 235
50 241
50 243
51 132
51 170
51 209
51 225
51 237
51 238
51 239
51 240
51 241
51 242
52 133
52 171
52 210
52 226
52 229
52 230
52 231
52 232
52 233
52 234
52 235
52 236
53 94
53 220
53 221
53 222
53 223
53 224
53 225
53 226
53 227
53 228
54 176
54 211
54 248
54 253
54 259
55 175
55 212
55 247
55 254
55 259
56 174
56 213
56 214
56 246
56 255
56 259
57 172
57 215
57 245
57 256
57 259
58 173
58 177
58 216
58 244
58 257
58 259
59 140
59 178
59 217
59 252
59 253
59 254
59 255
59 256
59 257
59 258
60 141
60 179
60 218
60 236
60 244
60 245
60 246
60 247
60 248
60 249
60 250
60 251
61 92
61 260
61 269
61 270
61 271
61 272
62 92
62 224
62 261
62 266
62 267
62 268
63 92
63 262
63 263
63 264
63 265
64 142
64 180
64 219
64 243
64 259
64 260
64 261
64 262
65 91
65 260
65 279
65 280
65 281
65 282
66 91
66 223
66 261
66 276
66 277
66 278
67 91
67 262
67 273
67 274
67 275
68 90
68 262
68 290
68 291
68 292
69 90
69 260
69 286
69 287
69 288
69 289
70 90
70 222
70 261
70 283
70 284
70 285
71 89
71 262
71 300
71 301
71 302
72 89
72 260
72 296
72 297
72 298
72 299
73 89
73 221
73 261
73 293
73 294
73 295
74 88
74 262
74 314
74 315
74 316
75 88
75 260
75 310
75 311
75 312
75 313
76 88
76 220
76 261
76 307
76 308
76 309
77 88
77 260
77 303
77 304
77 305
77 306
78 93
78 250
78 263
78 273
78 290
78 300
78 314
78 317
78 323
79 94
79 229
79 264
79 274
79 291
79 301
79 315
79 318
79 322
80 265
80 275
80 292
80 302
80 316
80 317
80 318
80 319
80 320
80 321
81 93
81 251
81 252
81 266
81 276
81 283
81 293
81 307
81 324
81 328
82 227
82 267
82 277
82 284
82 294
82 308
82 326
82 328
82 329
82 330
83 228
83 268
83 278
83 285
83 295
83 309
83 324
83 325
83 326
83 327
84 93
84 249
84 269
84 279
84 286
84 296
84 303
84 310
84 331
84 336
84 341
85 94
85 230
85 270
85 280
85 287
85 297
85 304
85 311
85 332
85 337
85 340
86 271
86 281
86 288
86 298
86 305
86 312
86 334
86 336
86 337
86 338
86 339
87 272
87 282
87 289
87 299
87 306
87 313
87 331
87 332
87 333
87 334
87 335
88 342
88 351
88 356
89 343
89 350
89 356
90 344
90 349
90 356
91 345
91 352
91 356
92 346
92 353
92 356
93 349
93 350
93 351
93 352
93 353
93 354
93 355
94 342
94 343
94 344
94 345
94 346
94 347
94 348
95 357
95 364
95 375
95 387
95 391
96 358
96 368
96 376
96 383
96 391
97 357
97 366
97 377
97 386
97 391
98 359
98 365
98 378
98 384
98 391
99 360
99 367
99 379
99 385
99 391
100 361
100 369
100 380
100 388
100 391
101 362
101 370
101 383
101 384
101 385
101 386
101 387
101 388
101 389
101 390
102 363
102 371
102 375
102 376
102 377
102 378
102 379
102 380
102 381
102 382
103 364
103 365
103 366
103 367
103 368
103 369
103 370
103 371
103 372
103 373
103 374
104 357
104 358
104 359
104 360
104 361
104 362
104 363
105 392
105 401
105 411
105 421
105 433
105 437
106 393
106 402
106 415
106 422
106 429
106 437
107 394
107 403
107 414
107 423
107 432
107 437
108 395
108 404
108 412
108 424
108 430
108 437
108 438
109 396
109 405
109 413
109 425
109 431
109 437
110 397
110 406
110 416
110 426
110 434
110 437
111 398
111 407
111 417
111 429
111 430
111 431
111 432
111 433
111 434
111 435
111 436
112 399
112 408
112 418
112 421
112 422
112 423
112 424
112 425
112 426
112 427
112 428
113 400
113 411
113 412
113 413
113 414
113 415
113 416
113 417
113 418
113 419
113 420
114 401
114 402
114 403
114 404
114 405
114 406
114 407
114 408
114 409
114 410
115 392
115 393
115 394
115 395
115 396
115 397
115 398
115 399
115 400
116 401
116 439
116 448
116 457
116 469
116 473
117 404
117 443
117 451
117 458
117 466
117 473
117 474
118 402
118 441
118 450
118 459
118 465
118 473
119 405
119 442
119 452
119 460
119 468
119 473
120 403
120 440
120 449
120 461
120 467
120 473
121 406
121 444
121 453
121 462
121 470
121 473
122 407
122 445
122 454
122 465
122 466
122 467
122 468
122 469
122 470
122 471
122 472
123 408
123 446
123 455
123 457
123 458
123 459
123 460
123 461
123 462
123 463
123 464
124 420
124 447
124 448
124 449
124 450
124 451
124 452
124 453
124 454
124 455
124 456
125 439
125 440
125 441
125 442
125 443
125 444
125 445
125 446
125 447
126 342
126 379
126 425
126 460
126 475
126 482
126 489
127 344
127 377
127 423
127 461
127 476
127 483
127 489
128 343
128 376
128 422
128 459
128 477
128 484
128 489
129 344
129 375
129 421
129 457
129 478
129 485
129 489
130 345
130 378
130 424
130 458
130 479
130 486
130 489
131 346
131 380
131 426
131 462
131 480
131 487
131 489
132 381
132 427
132 463
132 482
132 483
132 484
132 485
132 486
132 487
132 488
133 348
133 382
133 428
133 464
133 475
133 476
133 477
133 478
133 479
133 480
133 481
134 349
134 387
134 433
134 469
134 490
134 499
134 503
135 350
135 383
135 429
135 465
135 491
135 496
135 503
136 351
136 385
136 431
136 468
136 492
136 500
136 503
137 349
137 386
137 432
137 467
137 493
137 497
137 503
138 352
138 384
138 430
138 466
138 494
138 498
138 503
139 353
139 388
139 434
139 470
139 495
139 501
139 503
140 354
140 389
140 435
140 471
140 496
140 497
140 498
140 499
140 500
140 501
140 502
141 355
141 390
141 436
141 472
141 481
141 490
141 491
141 492
141 493
141 494
141 495
142 356
142 391
142 437
142 473
142 489
142 503
143 504
143 513
143 521
143 531
143 543
143 547
144 505
144 514
144 524
144 533
144 541
144 547
145 506
145 515
145 523
145 532
145 542
145 547
146 507
146 516
146 522
146 534
146 539
146 547
146 548
147 508
147 517
147 525
147 535
147 540
147 547
148 509
148 518
148 526
148 536
148 544
148 547
149 510
149 519
149 527
149 539
149 540
149 541
149 542
149 543
149 544
149 545
149 546
150 511
150 520
150 528
150 531
150 532
150 533
150 534
150 535
150 536
150 537
150 538
151 512
151 521
151 522
151 523
151 524
151 525
151 526
151 527
151 528
151 529
151 530
152 410
152 513
152 514
152 515
152 516
152 517
152 518
152 519
152 520
153 504
153 505
153 506
153 507
153 508
153 509
153 510
153 511
153 512
154 514
154 549
154 562
154 567
154 577
154 583
155 515
155 550
155 560
155 570
155 575
155 583
156 516
156 551
156 561
156 569
156 579
156 583
156 584
157 513
157 552
157 559
157 568
157 576
157 583
158 518
158 553
158 558
158 571
158 578
158 583
159 517
159 554
159 563
159 572
159 580
159 583
160 519
160 555
160 564
160 575
160 576
160 577
160 578
160 579
160 580
160 581
160 582
161 520
161 556
161 565
161 567
161 568
161 569
161 570
161 571
161 572
161 573
161 574
162 530
162 557
162 558
162 559
162 560
162 561
162 562
162 563
162 564
162 565
162 566
163 549
163 550
163 551
163 552
163 553
163 554
163 555
163 556
163 557
164 344
164 531
164 568
164 585
164 592
164 599
165 345
165 534
165 569
165 586
165 594
165 599
166 343
166 533
166 567
166 587
166 595
166 599
167 346
167 532
167 570
167 588
167 593
167 599
168 342
168 535
168 572
168 589
168 596
168 599
169 346
169 536
169 571
169 590
169 597
169 599
170 347
170 537
170 573
170 592
170 593
170 594
170 595
170 596
170 597
170 598
171 348
171 538
171 574
171 585
171 586
171 587
171 588
171 589
171 590
171 591
172 349
172 543
172 576
172 600
172 610
172 613
173 353
173 542
173 575
173 601
173 606
173 613
174 352
174 539
174 579
174 602
174 607
174 613
175 350
175 541
175 577
175 603
175 608
175 613
176 351
176 540
176 580
176 604
176 609
176 613
177 353
177 544
177 578
177 605
177 611
177 613
178 354
178 545
178 581
178 606
178 607
178 608
178 609
178 610
178 611
178 612
179 355
179 546
179 582
179 591
179 600
179 601
179 602
179 603
179 604
179 605
180 356
180 547
180 583
180 599
180 613
181 614
181 624
181 632
181 641
181 650
181 661
181 666
182 615
182 625
182 633
182 642
182 654
182 658
182 666
183 616
183 626
183 634
183 653
183 660
183 666
183 668
184 617
184 627
184 644
184 652
184 662
184 666
184 667
185 618
185 628
185 635
185 643
185 651
185 659
185 666
186 619
186 629
186 636
186 645
186 655
186 663
186 666
187 620
187 630
187 637
187 646
187 658
187 659
187 660
187 661
187 662
187 663
187 664
187 665
188 621
188 631
188 638
188 647
188 650
188 651
188 652
188 653
188 654
188 655
188 656
188 657
189 622
189 641
189 642
189 643
189 644
189 645
189 646
189 647
189 648
189 649
190 623
190 632
190 633
190 634
190 635
190 636
190 637
190 638
190 639
190 640
191 410
191 624
191 625
191 626
191 627
191 628
191 629
191 630
191 631
192 614
192 615
192 616
192 617
192 618
192 619
192 620
192 621
192 622
192 623
193 624
193 669
193 678
193 686
193 697
193 702
194 628
194 670
194 681
194 688
194 698
194 702
195 627
195 671
195 679
195 687
195 695
195 702
196 626
196 672
196 690
196 696
196 702
196 703
197 625
197 673
197 680
197 689
197 694
197 702
198 629
198 674
198 682
198 691
198 699
198 702
199 630
199 675
199 683
199 694
199 695
199 696
199 697
199 698
199 699
199 700
199 701
200 631
200 676
200 684
200 686
200 687
200 688
200 689
200 690
200 691
200 692
200 693
201 649
201 677
201 678
201 679
201 680
201 681
201 682
201 683
201 684
201 685
202 669
202 670
202 671
202 672
202 673
202 674
202 675
202 676
202 677
203 342
203 650
203 686
203 704
203 711
203 718
204 344
204 654
204 689
204 705
204 715
204 718
205 343
205 651
205 688
205 706
205 712
205 718
206 345
206 653
206 690
206 707
206 713
206 718
207 345
207 652
207 687
207 708
207 714
207 718
208 346
208 655
208 691
208 709
208 716
208 718
209 347
209 656
209 692
209 711
209 712
209 713
209 714
209 715
209 716
209 717
210 348
210 657
210 693
210 704
210 705
210 706
210 707
210 708
210 709
210 710
211 351
211 661
211 697
211 719
211 728
211 732
212 350
212 659
212 698
212 720
212 727
212 732
213 352
213 660
213 696
213 721
213 726
213 732
214 352
214 662
214 695
214 722
214 729
214 732
215 349
215 658
215 694
215 723
215 725
215 732
216 353
216 663
216 699
216 724
216 730
216 732
217 354
217 664
217 700
217 725
217 726
217 727
217 728
217 729
217 730
217 731
218 355
218 665
218 701
218 710
218 719
218 720
218 721
218 722
218 723
218 724
219 356
219 666
219 702
219 718
219 732
220 342
220 733
220 746
220 752
220 761
220 764
221 343
221 735
221 745
221 753
221 758
221 764
222 344
222 734
222 743
222 754
222 759
222 764
223 345
223 736
223 744
223 755
223 760
223 764
224 346
224 737
224 747
224 756
224 762
224 764
225 738
225 748
225 758
225 759
225 760
225 761
225 762
225 763
226 348
226 739
226 749
226 752
226 753
226 754
226 755
226 756
226 757
227 741
227 743
227 744
227 745
227 746
227 747
227 748
227 749
227 750
227 751
228 733
228 734
228 735
228 736
228 737
228 738
228 739
228 740
228 741
228 742
229 348
229 772
229 775
229 777
229 778
229 780
229 786
229 787
230 348
230 771
230 774
230 776
230 779
230 781
230 782
230 783
230 784
230 785
231 475
231 589
231 704
231 752
231 765
231 773
231 780
231 781
231 782
232 477
232 587
232 706
232 753
232 766
232 773
232 778
232 779
233 479
233 586
233 707
233 708
233 755
233 767
233 773
233 776
233 777
234 476
234 478
234 585
234 705
234 754
234 768
234 773
234 774
234 775
235 480
235 588
235 590
235 709
235 756
235 769
235 771
235 772
235 773
236 591
236 710
236 765
236 766
236 767
236 768
236 769
236 770
237 482
237 596
237 711
237 761
237 788
237 793
238 484
238 595
238 712
238 758
238 789
238 793
239 486
239 594
239 713
239 714
239 760
239 790
239 793
240 483
240 485
240 592
240 715
240 759
240 791
240 793
241 487
241 593
241 597
241 716
241 762
241 792
241 793
242 598
242 717
242 770
242 788
242 789
242 790
242 791
242 792
243 489
243 599
243 718
243 764
243 773
243 793
244 495
244 601
244 605
244 724
244 769
244 798
244 805
244 812
244 815
245 490
245 493
245 600
245 723
245 768
245 794
245 804
245 808
245 815
246 494
246 602
246 721
246 722
246 767
246 797
246 802
246 809
246 815
247 491
247 603
247 720
247 766
247 795
247 801
247 807
247 815
248 492
248 604
248 719
248 765
248 796
248 803
248 810
248 811
248 815
249 355
249 783
249 807
249 808
249 809
249 810
249 811
249 812
249 813
249 814
250 355
250 786
250 801
250 802
250 803
250 804
250 805
250 806
251 355
251 757
251 794
251 795
251 796
251 797
251 798
251 799
251 800
252 354
252 816
252 824
252 826
252 827
252 828
252 829
252 830
252 831
253 500
253 609
253 728
253 818
253 825
253 829
254 496
254 608
254 727
254 819
254 825
254 828
255 498
255 607
255 726
255 729
255 820
255 825
255 827
256 497
256 499
256 610
256 725
256 821
256 825
256 826
257 501
257 606
257 611
257 730
257 822
257 824
257 825
258 502
258 612
258 731
258 770
258 816
258 817
258 818
258 819
258 820
258 821
258 822
258 823
259 613
259 732
259 815
259 825
260 356
260 838
260 839
260 840
260 841
261 356
261 764
261 835
261 836
261 837
262 356
262 832
262 833
262 834
263 353
263 805
263 832
263 842
263 848
264 346
264 772
264 833
264 843
264 847
265 834
265 842
265 843
265 844
265 845
265 846
266 353
266 798
266 824
266 835
266 849
266 853
267 747
267 836
267 851
267 853
267 854
267 855
268 737
268 837
268 849
268 850
268 851
268 852
269 353
269 812
269 838
269 856
269 861
269 866
270 346
270 771
270 839
270 857
270 862
270 865
271 840
271 859
271 861
271 862
271 863
271 864
272 841
272 856
272 857
272 858
272 859
272 860
273 352
273 802
273 832
273 867
273 874
274 345
274 777
274 833
274 868
274 873
275 834
275 867
275 868
275 869
275 870
275 871
275 872
276 352
276 797
276 827
276 835
276 875
276 880
277 744
277 836
277 878
277 880
277 881
277 882
277 883
278 736
278 837
278 875
278 876
278 877
278 878
278 879
279 352
279 809
279 838
279 884
279 890
279 896
280 345
280 776
280 839
280 885
280 891
280 895
281 840
281 888
281 890
281 891
281 892
281 893
281 894
282 841
282 884
282 885
282 886
282 887
282 888
282 889
283 349
283 794
283 826
283 835
283 897
283 901
284 743
284 836
284 899
284 901
284 902
284 903
285 734
285 837
285 897
285 898
285 899
285 900
286 349
286 808
286 838
286 904
286 909
286 914
287 344
287 774
287 839
287 905
287 910
287 913
288 840
288 907
288 909
288 910
288 911
288 912
289 841
289 904
289 905
289 906
289 907
289 908
290 349
290 804
290 832
290 915
290 921
291 344
291 775
291 833
291 916
291 920
292 834
292 915
292 916
292 917
292 918
292 919
293 350
293 795
293 828
293 835
293 922
293 926
294 745
294 836
294 924
294 926
294 927
294 928
295 735
295 837
295 922
295 923
295 924
295 925
296 350
296 807
296 838
296 929
296 934
296 939
297 343
297 779
297 839
297 930
297 935
297 938
298 840
298 932
298 934
298 935
298 936
298 937
299 841
299 929
299 930
299 931
299 932
299 933
300 350
300 801
300 832
300 940
300 946
301 343
301 778
301 833
301 941
301 945
302 834
302 940
302 941
302 942
302 943
302 944
303 351
303 811
303 838
303 947
303 952
303 957
304 342
304 782
304 839
304 948
304 953
304 956
305 840
305 950
305 952
305 953
305 954
305 955
306 841
306 947
306 948
306 949
306 950
306 951
307 351
307 796
307 829
307 835
307 958
307 962
308 746
308 836
308 960
308 962
308 963
308 964
309 733
309 837
309 958
309 959
309 960
309 961
310 351
310 810
310 838
310 965
310 970
310 975
311 342
311 781
311 839
311 966
311 971
311 974
312 840
312 968
312 970
312 971
312 972
312 973
313 841
313 965
313 966
313 967
313 968
313 969
314 351
314 803
314 832
314 976
314 982
315 342
315 780
315 833
315 977
315 981
316 834
316 976
316 977
316 978
316 979
316 980
317 806
317 842
317 867
317 915
317 940
317 976
317 983
317 986
317 988
317 993
318 787
318 843
318 868
318 916
318 941
318 977
318 984
318 987
318 989
318 992
319 844
319 869
319 917
319 942
319 978
319 985
319 988
319 989
319 990
319 991
320 410
320 845
320 871
320 918
320 943
320 979
320 986
320 987
321 846
321 872
321 919
321 944
321 980
321 983
321 984
321 985
322 847
322 873
322 920
322 945
322 981
322 992
322 994
323 354
323 823
323 848
323 874
323 921
323 946
323 982
323 993
324 800
324 831
324 849
324 875
324 897
324 922
324 958
324 995
324 997
324 998
325 740
325 850
325 876
325 898
325 923
325 959
325 996
325 998
325 999
325 1000
326 410
326 741
326 851
326 878
326 899
326 924
326 960
326 997
327 742
327 852
327 879
327 900
327 925
327 961
327 995
327 996
328 799
328 830
328 853
328 880
328 901
328 926
328 962
328 997
328 1001
328 1003
329 750
329 854
329 881
329 902
329 927
329 963
329 1000
329 1002
329 1003
329 1004
330 751
330 855
330 883
330 903
330 928
330 964
330 1001
330 1002
331 814
331 856
331 884
331 904
331 929
331 947
331 965
331 1005
331 1008
331 1010
331 1015
332 785
332 857
332 885
332 905
332 930
332 948
332 966
332 1006
332 1009
332 1011
332 1014
333 858
333 886
333 906
333 931
333 949
333 967
333 1007
333 1010
333 1011
333 1012
333 1013
334 410
334 859
334 888
334 907
334 932
334 950
334 968
334 1008
334 1009
335 860
335 889
335 908
335 933
335 951
335 969
335 1005
335 1006
335 1007
336 813
336 861
336 890
336 909
336 934
336 952
336 970
336 1008
336 1016
336 1019
336 1023
337 784
337 862
337 891
337 910
337 935
337 953
337 971
337 1009
337 1017
337 1020
337 1022
338 863
338 892
338 911
338 936
338 954
338 972
338 1013
338 1018
338 1019
338 1020
338 1021
339 864
339 894
339 912
339 937
339 955
339 973
339 1016
339 1017
339 1018
340 865
340 895
340 913
340 938
340 956
340 974
340 1014
340 1022
340 1024
341 354
341 817
341 866
341 896
341 914
341 939
341 957
341 975
341 1015
341 1023
342 1025
342 1031
342 1037
343 1026
343 1032
343 1037
344 1027
344 1033
344 1037
345 1028
345 1034
345 1037
346 1029
346 1035
346 1037
347 1031
347 1032
347 1033
347 1034
347 1035
347 1036
348 1025
348 1026
348 1027
348 1028
348 1029
348 1030
349 1038
349 1044
349 1049
350 1039
350 1043
350 1049
351 1040
351 1046
351 1049
352 1041
352 1045
352 1049
353 1042
353 1047
353 1049
354 1043
354 1044
354 1045
354 1046
354 1047
354 1048
355 1030
355 1038
355 1039
355 1040
355 1041
355 1042
356 1037
356 1049
357 1050
357 1060
357 1064
358 1051
358 1057
358 1064
359 1052
359 1058
359 1064
360 1053
360 1059
360 1064
361 1054
361 1061
361 1064
362 1057
362 1058
362 1059
362 1060
362 1061
362 1062
362 1063
363 1050
363 1051
363 1052
363 1053
363 1054
363 1055
363 1056
364 1065
364 1072
364 1083
364 1093
364 1101
364 1109
365 1066
365 1073
365 1084
365 1094
365 1103
365 1109
366 1065
366 1074
366 1087
366 1095
366 1102
366 1109
367 1067
367 1075
367 1086
367 1096
367 1104
367 1109
368 1068
368 1076
368 1085
368 1097
368 1105
368 1109
369 1069
369 1077
369 1088
369 1098
369 1106
369 1109
370 1070
370 1078
370 1089
370 1101
370 1102
370 1103
370 1104
370 1105
370 1106
370 1107
370 1108
371 1071
371 1079
371 1090
371 1093
371 1094
371 1095
371 1096
371 1097
371 1098
371 1099
371 1100
372 1081
372 1083
372 1084
372 1085
372 1086
372 1087
372 1088
372 1089
372 1090
372 1091
372 1092
373 1072
373 1073
373 1074
373 1075
373 1076
373 1077
373 1078
373 1079
373 1080
373 1081
373 1082
374 1065
374 1066
374 1067
374 1068
374 1069
374 1070
374 1071
375 1050
375 1093
375 1110
375 1117
375 1124
376 1051
376 1097
376 1111
376 1121
376 1124
377 1050
377 1095
377 1112
377 1119
377 1124
378 1052
378 1094
378 1113
378 1118
378 1124
379 1053
379 1096
379 1114
379 1120
379 1124
380 1054
380 1098
380 1115
380 1122
380 1124
381 1099
381 1117
381 1118
381 1119
381 1120
381 1121
381 1122
381 1123
382 1056
382 1100
382 1110
382 1111
382 1112
382 1113
382 1114
382 1115
382 1116
383 1057
383 1105
383 1125
383 1133
383 1138
384 1058
384 1103
384 1126
384 1134
384 1138
385 1059
385 1104
385 1127
385 1132
385 1138
386 1060
386 1102
386 1128
386 1135
386 1138
387 1060
387 1101
387 1129
387 1131
387 1138
388 1061
388 1106
388 1130
388 1136
388 1138
389 1062
389 1107
389 1131
389 1132
389 1133
389 1134
389 1135
389 1136
389 1137
390 1063
390 1108
390 1116
390 1125
390 1126
390 1127
390 1128
390 1129
390 1130
391 1064
391 1109
391 1124
391 1138
392 1139
392 1148
392 1160
392 1164
393 1143
393 1149
393 1156
393 1164
394 1142
394 1150
394 1159
394 1164
395 1140
395 1151
395 1157
395 1164
395 1165
396 1141
396 1152
396 1158
396 1164
397 1144
397 1153
397 1161
397 1164
398 1145
398 1156
398 1157
398 1158
398 1159
398 1160
398 1161
398 1162
398 1163
399 1146
399 1148
399 1149
399 1150
399 1151
399 1152
399 1153
399 1154
399 1155
400 1139
400 1140
400 1141
400 1142
400 1143
400 1144
400 1145
400 1146
400 1147
401 1166
401 1173
401 1182
401 1194
401 1198
402 1167
402 1174
402 1183
402 1190
402 1198
403 1166
403 1175
403 1184
403 1193
403 1198
404 1168
404 1176
404 1185
404 1191
404 1198
405 1169
405 1177
405 1186
405 1192
405 1198
406 1170
406 1178
406 1187
406 1195
406 1198
407 1171
407 1179
407 1190
407 1191
407 1192
407 1193
407 1194
407 1195
407 1196
407 1197
408 1172
408 1180
408 1182
408 1183
408 1184
408 1185
408 1186
408 1187
408 1188
408 1189
409 1081
409 1173
409 1174
409 1175
409 1176
409 1177
409 1178
409 1179
409 1180
409 1181
410 1166
410 1167
410 1168
410 1169
410 1170
410 1171
410 1172
411 1139
411 1199
411 1214
411 1218
411 1226
411 1234
412 1140
412 1200
412 1213
412 1219
412 1230
412 1234
413 1141
413 1201
413 1210
413 1220
413 1228
413 1234
414 1142
414 1202
414 1211
414 1221
414 1227
414 1234
415 1143
415 1203
415 1212
415 1222
415 1229
415 1234
416 1144
416 1204
416 1215
416 1223
416 1231
416 1234
417 1145
417 1205
417 1216
417 1226
417 1227
417 1228
417 1229
417 1230
417 1231
417 1232
417 1233
418 1146
418 1206
418 1217
418 1218
418 1219
418 1220
418 1221
418 1222
418 1223
418 1224
418 1225
419 1147
419 1207
419 1210
419 1211
419 1212
419 1213
419 1214
419 1215
419 1216
419 1217
420 1199
420 1200
420 1201
420 1202
420 1203
420 1204
420 1205
420 1206
420 1207
420 1208
420 1209
421 1148
421 1182
421 1218
421 1235
421 1242
421 1249
422 1149
422 1183
422 1222
422 1236
422 1244
422 1249
423 1150
423 1184
423 1221
423 1237
423 1243
423 1249
424 1151
424 1185
424 1219
424 1238
424 1246
424 1249
424 1250
425 1152
425 1186
425 1220
425 1239
425 1245
425 1249
426 1153
426 1187
426 1223
426 1240
426 1247
426 1249
427 1188
427 1224
427 1242
427 1243
427 1244
427 1245
427 1246
427 1247
427 1248
428 1155
428 1189
428 1225
428 1235
428 1236
428 1237
428 1238
428 1239
428 1240
428 1241
429 1156
429 1190
429 1229
429 1251
429 1259
429 1264
430 1157
430 1191
430 1230
430 1252
430 1260
430 1264
430 1265
431 1158
431 1192
431 1228
431 1253
431 1258
431 1264
432 1159
432 1193
432 1227
432 1254
432 1261
432 1264
433 1160
433 1194
433 1226
433 1255
433 1257
433 1264
434 1161
434 1195
434 1231
434 1256
434 1262
434 1264
435 1162
435 1196
435 1232
435 1257
435 1258
435 1259
435 1260
435 1261
435 1262
435 1263
436 1163
436 1197
436 1233
436 1241
436 1251
436 1252
436 1253
436 1254
436 1255
436 1256
437 1164
437 1198
437 1234
437 1249
437 1264
438 1165
438 1250
438 1265
438 1266
438 1267
439 1268
439 1277
439 1289
439 1293
440 1269
440 1278
440 1288
440 1293
441 1270
441 1279
441 1285
441 1293
442 1272
442 1280
442 1287
442 1293
443 1271
443 1281
443 1286
443 1293
443 1294
444 1273
444 1282
444 1290
444 1293
445 1274
445 1285
445 1286
445 1287
445 1288
445 1289
445 1290
445 1291
445 1292
446 1275
446 1277
446 1278
446 1279
446 1280
446 1281
446 1282
446 1283
446 1284
447 1268
447 1269
447 1270
447 1271
447 1272
447 1273
447 1274
447 1275
447 1276
448 1199
448 1268
448 1298
448 1303
448 1314
448 1319
449 1202
449 1269
449 1297
449 1304
449 1312
449 1319
450 1203
450 1270
450 1296
450 1305
450 1315
450 1319
451 1200
451 1271
451 1299
451 1306
451 1313
451 1319
452 1201
452 1272
452 1295
452 1307
452 1311
452 1319
453 1204
453 1273
453 1300
453 1308
453 1316
453 1319
454 1205
454 1274
454 1301
454 1311
454 1312
454 1313
454 1314
454 1315
454 1316
454 1317
454 1318
455 1206
455 1275
455 1302
455 1303
455 1304
455 1305
455 1306
455 1307
455 1308
455 1309
455 1310
456 1207
456 1276
456 1295
456 1296
456 1297
456 1298
456 1299
456 1300
456 1301
456 1302
457 1182
457 1277
457 1303
457 1320
457 1327
457 1334
458 1185
458 1281
458 1306
458 1321
458 1331
458 1334
458 1335
459 1183
459 1279
459 1305
459 1322
459 1328
459 1334
460 1186
460 1280
460 1307
460 1323
460 1329
460 1334
461 1184
461 1278
461 1304
461 1324
461 1330
461 1334
462 1187
462 1282
462 1308
462 1325
462 1332
462 1334
463 1188
463 1309
463 1327
463 1328
463 1329
463 1330
463 1331
463 1332
463 1333
464 1189
464 1284
464 1310
464 1320
464 1321
464 1322
464 1323
464 1324
464 1325
464 1326
465 1190
465 1285
465 1315
465 1336
465 1344
465 1349
466 1191
466 1286
466 1313
466 1337
466 1343
466 1349
466 1350
467 1193
467 1288
467 1312
467 1338
467 1346
467 1349
468 1192
468 1287
468 1311
468 1339
468 1345
468 1349
469 1194
469 1289
469 1314
469 1340
469 1342
469 1349
470 1195
470 1290
470 1316
470 1341
470 1347
470 1349
471 1196
471 1291
471 1317
471 1342
471 1343
471 1344
471 1345
471 1346
471 1347
471 1348
472 1197
472 1292
472 1318
472 1326
472 1336
472 1337
472 1338
472 1339
472 1340
472 1341
473 1198
473 1293
473 1319
473 1334
473 1349
474 1267
474 1294
474 1335
474 1350
474 1351
475 1025
475 1114
475 1239
475 1323
475 1354
475 1359
476 1027
476 1112
476 1237
476 1324
476 1355
476 1359
477 1026
477 1111
477 1236
477 1322
477 1353
477 1359
478 1027
478 1110
478 1235
478 1320
478 1352
478 1359
479 1028
479 1113
479 1238
479 1321
479 1356
479 1359
480 1029
480 1115
480 1240
480 1325
480 1357
480 1359
481 1030
481 1116
481 1241
481 1326
481 1352
481 1353
481 1354
481 1355
481 1356
481 1357
481 1358
482 1120
482 1245
482 1329
482 1360
482 1366
483 1119
483 1243
483 1330
483 1361
483 1366
484 1121
484 1244
484 1328
484 1362
484 1366
485 1117
485 1242
485 1327
485 1363
485 1366
486 1118
486 1246
486 1331
486 1364
486 1366
487 1122
487 1247
487 1332
487 1365
487 1366
488 1123
488 1248
488 1333
488 1358
488 1360
488 1361
488 1362
488 1363
488 1364
488 1365
489 1037
489 1124
489 1249
489 1334
489 1359
489 1366
490 1038
490 1129
490 1255
490 1340
490 1352
490 1367
491 1039
491 1125
491 1251
491 1336
491 1353
491 1367
492 1040
492 1127
492 1253
492 1339
492 1354
492 1367
493 1038
493 1128
493 1254
493 1338
493 1355
493 1367
494 1041
494 1126
494 1252
494 1337
494 1356
494 1367
495 1042
495 1130
495 1256
495 1341
495 1357
495 1367
496 1043
496 1133
496 1259
496 1344
496 1368
496 1374
497 1044
497 1135
497 1261
497 1346
497 1369
497 1374
498 1045
498 1134
498 1260
498 1343
498 1370
498 1374
499 1044
499 1131
499 1257
499 1342
499 1371
499 1374
500 1046
500 1132
500 1258
500 1345
500 1372
500 1374
501 1047
501 1136
501 1262
501 1347
501 1373
501 1374
502 1048
502 1137
502 1263
502 1348
502 1358
502 1368
502 1369
502 1370
502 1371
502 1372
502 1373
503 1049
503 1138
503 1264
503 1349
503 1367
503 1374
504 1375
504 1384
504 1396
504 1400
505 1378
505 1386
505 1394
505 1400
506 1377
506 1385
506 1395
506 1400
507 1376
507 1387
507 1392
507 1400
507 1401
508 1379
508 1388
508 1393
508 1400
509 1380
509 1389
509 1397
509 1400
510 1381
510 1392
510 1393
510 1394
510 1395
510 1396
510 1397
510 1398
510 1399
511 1382
511 1384
511 1385
511 1386
511 1387
511 1388
511 1389
511 1390
511 1391
512 1375
512 1376
512 1377
512 1378
512 1379
512 1380
512 1381
512 1382
512 1383
513 1166
513 1402
513 1414
513 1418
514 1167
514 1404
514 1412
514 1418
515 1170
515 1403
515 1413
515 1418
516 1168
516 1405
516 1410
516 1418
517 1169
517 1406
517 1411
517 1418
518 1170
518 1407
518 1415
518 1418
519 1171
519 1410
519 1411
519 1412
519 1413
519 1414
519 1415
519 1416
519 1417
520 1172
520 1402
520 1403
520 1404
520 1405
520 1406
520 1407
520 1408
520 1409
521 1375
521 1419
521 1429
521 1437
521 1448
521 1452
522 1376
522 1420
522 1428
522 1438
522 1445
522 1452
523 1377
523 1421
523 1431
523 1436
523 1447
523 1452
524 1378
524 1422
524 1430
524 1439
524 1444
524 1452
525 1379
525 1423
525 1432
525 1440
525 1446
525 1452
526 1380
526 1424
526 1433
526 1441
526 1449
526 1452
527 1381
527 1425
527 1434
527 1444
527 1445
527 1446
527 1447
527 1448
527 1449
527 1450
527 1451
528 1382
528 1426
528 1435
528 1436
528 1437
528 1438
528 1439
528 1440
528 1441
528 1442
528 1443
529 1383
529 1427
529 1428
529 1429
529 1430
529 1431
529 1432
529 1433
529 1434
529 1435
530 1209
530 1419
530 1420
530 1421
530 1422
530 1423
530 1424
530 1425
530 1426
530 1427
531 1384
531 1402
531 1437
531 1453
531 1464
531 1467
532 1385
532 1403
532 1436
532 1454
532 1463
532 1467
533 1386
533 1404
533 1439
533 1455
533 1462
533 1467
534 1387
534 1405
534 1438
534 1456
534 1460
534 1467
534 1468
535 1388
535 1406
535 1440
535 1457
535 1461
535 1467
536 1389
536 1407
536 1441
536 1458
536 1465
536 1467
537 1390
537 1408
537 1442
537 1460
537 1461
537 1462
537 1463
537 1464
537 1465
537 1466
538 1391
538 1409
538 1443
538 1453
538 1454
538 1455
538 1456
538 1457
538 1458
538 1459
539 1392
539 1410
539 1445
539 1469
539 1478
539 1482
539 1483
540 1393
540 1411
540 1446
540 1470
540 1476
540 1482
541 1394
541 1412
541 1444
541 1471
541 1477
541 1482
542 1395
542 1413
542 1447
542 1472
542 1475
542 1482
543 1396
543 1414
543 1448
543 1473
543 1479
543 1482
544 1397
544 1415
544 1449
544 1474
544 1480
544 1482
545 1398
545 1416
545 1450
545 1475
545 1476
545 1477
545 1478
545 1479
545 1480
545 1481
546 1399
546 1417
546 1451
546 1459
546 1469
546 1470
546 1471
546 1472
546 1473
546 1474
547 1400
547 1418
547 1452
547 1467
547 1482
548 1401
548 1468
548 1483
548 1484
548 1485
549 1490
549 1498
549 1505
549 1511
550 1488
550 1497
550 1503
550 1511
551 1489
551 1499
551 1507
551 1511
551 1512
552 1487
552 1496
552 1504
552 1511
553 1486
553 1495
553 1506
553 1511
554 1491
554 1500
554 1508
554 1511
555 1492
555 1503
555 1504
555 1505
555 1506
555 1507
555 1508
555 1509
555 1510
556 1493
556 1495
556 1496
556 1497
556 1498
556 1499
556 1500
556 1501
556 1502
557 1486
557 1487
557 1488
557 1489
557 1490
557 1491
557 1492
557 1493
557 1494
558 1424
558 1486
558 1513
558 1521
558 1533
558 1537
559 1419
559 1487
559 1514
559 1522
559 1530
559 1537
560 1421
560 1488
560 1517
560 1525
560 1532
560 1537
561 1420
561 1489
561 1516
561 1524
561 1531
561 1537
562 1422
562 1490
562 1515
562 1523
562 1529
562 1537
563 1423
563 1491
563 1518
563 1526
563 1534
563 1537
564 1425
564 1492
564 1519
564 1529
564 1530
564 1531
564 1532
564 1533
564 1534
564 1535
564 1536
565 1426
565 1493
565 1520
565 1521
565 1522
565 1523
565 1524
565 1525
565 1526
565 1527
565 1528
566 1427
566 1494
566 1513
566 1514
566 1515
566 1516
566 1517
566 1518
566 1519
566 1520
567 1404
567 1498
567 1523
567 1538
567 1547
567 1552
568 1402
568 1496
568 1522
568 1539
568 1546
568 1552
569 1405
569 1499
569 1524
569 1540
569 1549
569 1552
569 1553
570 1403
570 1497
570 1525
570 1541
570 1545
570 1552
571 1407
571 1495
571 1521
571 1542
571 1548
571 1552
572 1406
572 1500
572 1526
572 1543
572 1550
572 1552
573 1408
573 1501
573 1527
573 1545
573 1546
573 1547
573 1548
573 1549
573 1550
573 1551
574 1409
574 1502
574 1528
574 1538
574 1539
574 1540
574 1541
574 1542
574 1543
574 1544
575 1413
575 1503
575 1532
575 1554
575 1563
575 1567
576 1414
576 1504
576 1530
576 1555
576 1562
576 1567
577 1412
577 1505
577 1529
577 1556
577 1564
577 1567
578 1415
578 1506
578 1533
578 1557
578 1561
578 1567
579 1410
579 1507
579 1531
579 1558
579 1560
579 1567
579 1568
580 1411
580 1508
580 1534
580 1559
580 1565
580 1567
581 1416
581 1509
581 1535
581 1560
581 1561
581 1562
581 1563
581 1564
581 1565
581 1566
582 1417
582 1510
582 1536
582 1544
582 1554
582 1555
582 1556
582 1557
582 1558
582 1559
583 1418
583 1511
583 1537
583 1552
583 1567
584 1485
584 1512
584 1553
584 1568
584 1569
585 1027
585 1453
585 1539
585 1570
585 1577
586 1028
586 1456
586 1540
586 1572
586 1577
587 1026
587 1455
587 1538
587 1573
587 1577
588 1029
588 1454
588 1541
588 1571
588 1577
589 1025
589 1457
589 1543
589 1574
589 1577
590 1029
590 1458
590 1542
590 1575
590 1577
591 1030
591 1459
591 1544
591 1570
591 1571
591 1572
591 1573
591 1574
591 1575
591 1576
592 1033
592 1464
592 1546
592 1578
592 1584
593 1035
593 1463
593 1545
593 1579
593 1584
594 1034
594 1460
594 1549
594 1580
594 1584
595 1032
595 1462
595 1547
595 1581
595 1584
596 1031
596 1461
596 1550
596 1582
596 1584
597 1035
597 1465
597 1548
597 1583
597 1584
598 1036
598 1466
598 1551
598 1576
598 1578
598 1579
598 1580
598 1581
598 1582
598 1583
599 1037
599 1467
599 1552
599 1577
599 1584
600 1038
600 1473
600 1555
600 1570
600 1585
601 1042
601 1472
601 1554
601 1571
601 1585
602 1041
602 1469
602 1558
602 1572
602 1585
603 1039
603 1471
603 1556
603 1573
603 1585
604 1040
604 1470
604 1559
604 1574
604 1585
605 1042
605 1474
605 1557
605 1575
605 1585
606 1047
606 1475
606 1563
606 1586
606 1592
607 1045
607 1478
607 1560
607 1587
607 1592
608 1043
608 1477
608 1564
608 1588
608 1592
609 1046
609 1476
609 1565
609 1589
609 1592
610 1044
610 1479
610 1562
610 1590
610 1592
611 1047
611 1480
611 1561
611 1591
611 1592
612 1048
612 1481
612 1566
612 1576
612 1586
612 1587
612 1588
612 1589
612 1590
612 1591
613 1049
613 1482
613 1567
613 1585
613 1592
614 1593
614 1601
614 1609
614 1620
614 1625
615 1594
615 1602
615 1613
615 1617
615 1625
616 1595
616 1612
616 1619
616 1625
616 1627
617 1604
617 1611
617 1621
617 1625
617 1626
618 1596
618 1603
618 1610
618 1618
618 1625
619 1597
619 1605
619 1614
619 1622
619 1625
620 1598
620 1606
620 1617
620 1618
620 1619
620 1620
620 1621
620 1622
620 1623
620 1624
621 1599
621 1607
621 1609
621 1610
621 1611
621 1612
621 1613
621 1614
621 1615
621 1616
622 1601
622 1602
622 1603
622 1604
622 1605
622 1606
622 1607
622 1608
623 1593
623 1594
623 1595
623 1596
623 1597
623 1598
623 1599
623 1600
624 1169
624 1628
624 1639
624 1644
625 1166
625 1632
625 1636
625 1644
626 1168
626 1631
626 1638
626 1644
627 1168
627 1630
627 1640
627 1644
628 1167
628 1629
628 1637
628 1644
629 1170
629 1633
629 1641
629 1644
630 1171
630 1636
630 1637
630 1638
630 1639
630 1640
630 1641
630 1642
630 1643
631 1172
631 1628
631 1629
631 1630
631 1631
631 1632
631 1633
631 1634
631 1635
632 1593
632 1645
632 1653
632 1660
632 1670
632 1674
633 1594
633 1646
633 1655
633 1662
633 1667
633 1674
634 1595
634 1647
634 1656
634 1663
634 1669
634 1674
635 1596
635 1648
635 1654
635 1661
635 1668
635 1674
636 1597
636 1649
636 1657
636 1664
636 1671
636 1674
637 1598
637 1650
637 1658
637 1667
637 1668
637 1669
637 1670
637 1671
637 1672
637 1673
638 1599
638 1651
638 1659
638 1660
638 1661
638 1662
638 1663
638 1664
638 1665
638 1666
639 1600
639 1652
639 1653
639 1654
639 1655
639 1656
639 1657
639 1658
639 1659
640 1209
640 1645
640 1646
640 1647
640 1648
640 1649
640 1650
640 1651
640 1652
641 1601
641 1675
641 1683
641 1690
641 1699
641 1704
642 1602
642 1676
642 1686
642 1692
642 1697
642 1704
643 1603
643 1677
643 1685
643 1693
643 1698
643 1704
644 1604
644 1678
644 1684
644 1691
644 1700
644 1704
645 1605
645 1679
645 1687
645 1694
645 1701
645 1704
646 1606
646 1680
646 1688
646 1697
646 1698
646 1699
646 1700
646 1701
646 1702
646 1703
647 1607
647 1681
647 1689
647 1690
647 1691
647 1692
647 1693
647 1694
647 1695
647 1696
648 1608
648 1682
648 1683
648 1684
648 1685
648 1686
648 1687
648 1688
648 1689
649 1209
649 1675
649 1676
649 1677
649 1678
649 1679
649 1680
649 1681
649 1682
650 1609
650 1628
650 1660
650 1690
650 1705
650 1715
650 1719
651 1610
651 1629
651 1661
651 1693
651 1706
651 1713
651 1719
652 1611
652 1630
652 1691
652 1707
652 1716
652 1719
652 1721
653 1612
653 1631
653 1663
653 1708
653 1714
653 1719
653 1720
654 1613
654 1632
654 1662
654 1692
654 1709
654 1712
654 1719
655 1614
655 1633
655 1664
655 1694
655 1710
655 1717
655 1719
656 1615
656 1634
656 1665
656 1695
656 1712
656 1713
656 1714
656 1715
656 1716
656 1717
656 1718
657 1616
657 1635
657 1666
657 1696
657 1705
657 1706
657 1707
657 1708
657 1709
657 1710
657 1711
658 1617
658 1636
658 1667
658 1697
658 1722
658 1728
658 1735
659 1618
659 1637
659 1668
659 1698
659 1723
659 1731
659 1735
660 1619
660 1638
660 1669
660 1724
660 1729
660 1735
660 1737
661 1620
661 1639
661 1670
661 1699
661 1725
661 1732
661 1735
662 1621
662 1640
662 1700
662 1726
662 1730
662 1735
662 1736
663 1622
663 1641
663 1671
663 1701
663 1727
663 1733
663 1735
664 1623
664 1642
664 1672
664 1702
664 1728
664 1729
664 1730
664 1731
664 1732
664 1733
664 1734
665 1624
665 1643
665 1673
665 1703
665 1711
665 1722
665 1723
665 1724
665 1725
665 1726
665 1727
666 1625
666 1644
666 1674
666 1704
666 1719
666 1735
667 1626
667 1721
667 1736
667 1738
667 1739
668 1627
668 1720
668 1737
668 1740
668 1741
669 1742
669 1750
669 1761
669 1766
670 1745
670 1753
670 1762
670 1766
671 1743
671 1751
671 1759
671 1766
672 1754
672 1760
672 1766
672 1767
673 1744
673 1752
673 1758
673 1766
674 1746
674 1755
674 1763
674 1766
675 1747
675 1758
675 1759
675 1760
675 1761
675 1762
675 1763
675 1764
675 1765
676 1748
676 1750
676 1751
676 1752
676 1753
676 1754
676 1755
676 1756
676 1757
677 1742
677 1743
677 1744
677 1745
677 1746
677 1747
677 1748
677 1749
678 1675
678 1742
678 1768
678 1775
678 1785
678 1789
679 1678
679 1743
679 1769
679 1776
679 1784
679 1789
680 1676
680 1744
680 1770
680 1778
680 1782
680 1789
681 1677
681 1745
681 1771
681 1777
681 1783
681 1789
682 1679
682 1746
682 1772
682 1779
682 1786
682 1789
683 1680
683 1747
683 1773
683 1782
683 1783
683 1784
683 1785
683 1786
683 1787
683 1788
684 1681
684 1748
684 1774
684 1775
684 1776
684 1777
684 1778
684 1779
684 1780
684 1781
685 1682
685 1749
685 1768
685 1769
685 1770
685 1771
685 1772
685 1773
685 1774
686 1628
686 1750
686 1775
686 1790
686 1800
686 1804
687 1630
687 1751
687 1776
687 1791
687 1798
687 1804
688 1629
688 1753
688 1777
688 1792
688 1801
688 1804
689 1632
689 1752
689 1778
689 1793
689 1797
689 1804
690 1631
690 1754
690 1794
690 1799
690 1804
690 1805
691 1633
691 1755
691 1779
691 1795
691 1802
691 1804
692 1634
692 1756
692 1780
692 1797
692 1798
692 1799
692 1800
692 1801
692 1802
692 1803
693 1635
693 1757
693 1781
693 1790
693 1791
693 1792
693 1793
693 1794
693 1795
693 1796
694 1636
694 1758
694 1782
694 1806
694 1813
694 1819
695 1640
695 1759
695 1784
695 1807
695 1816
695 1819
696 1638
696 1760
696 1808
696 1814
696 1819
696 1820
697 1639
697 1761
697 1785
697 1809
697 1812
697 1819
698 1637
698 1762
698 1783
698 1810
698 1815
698 1819
699 1641
699 1763
699 1786
699 1811
699 1817
699 1819
700 1642
700 1764
700 1787
700 1812
700 1813
700 1814
700 1815
700 1816
700 1817
700 1818
701 1643
701 1765
701 1788
701 1796
701 1806
701 1807
701 1808
701 1809
701 1810
701 1811
702 1644
702 1766
702 1789
702 1804
702 1819
703 1741
703 1767
703 1805
703 1820
703 1821
704 1025
704 1705
704 1790
704 1822
704 1829
705 1027
705 1709
705 1793
705 1826
705 1829
706 1026
706 1706
706 1792
706 1823
706 1829
707 1028
707 1708
707 1794
707 1824
707 1829
708 1028
708 1707
708 1791
708 1825
708 1829
709 1029
709 1710
709 1795
709 1827
709 1829
710 1030
710 1711
710 1796
710 1822
710 1823
710 1824
710 1825
710 1826
710 1827
710 1828
711 1031
711 1715
711 1800
711 1830
711 1836
712 1032
712 1713
712 1801
712 1831
712 1836
713 1034
713 1714
713 1799
713 1832
713 1836
714 1034
714 1716
714 1798
714 1833
714 1836
715 1033
715 1712
715 1797
715 1834
715 1836
716 1035
716 1717
716 1802
716 1835
716 1836
717 1036
717 1718
717 1803
717 1828
717 1830
717 1831
717 1832
717 1833
717 1834
717 1835
718 1037
718 1719
718 1804
718 1829
718 1836
719 1040
719 1725
719 1809
719 1822
719 1837
720 1039
720 1723
720 1810
720 1823
720 1837
721 1041
721 1724
721 1808
721 1824
721 1837
722 1041
722 1726
722 1807
722 1825
722 1837
723 1038
723 1722
723 1806
723 1826
723 1837
724 1042
724 1727
724 1811
724 1827
724 1837
725 1044
725 1728
725 1813
725 1838
725 1844
726 1045
726 1729
726 1814
726 1839
726 1844
727 1043
727 1731
727 1815
727 1840
727 1844
728 1046
728 1732
728 1812
728 1841
728 1844
729 1045
729 1730
729 1816
729 1842
729 1844
730 1047
730 1733
730 1817
730 1843
730 1844
731 1048
731 1734
731 1818
731 1828
731 1838
731 1839
731 1840
731 1841
731 1842
731 1843
732 1049
732 1735
732 1819
732 1837
732 1844
733 1848
733 1853
733 1863
733 1869
733 1876
733 1881
734 1846
734 1854
734 1860
734 1870
734 1877
734 1881
735 1845
735 1855
735 1861
735 1871
735 1875
735 1881
736 1847
736 1856
736 1862
736 1872
736 1878
736 1881
736 1882
737 1849
737 1857
737 1864
737 1873
737 1879
737 1881
738 1858
738 1865
738 1875
738 1876
738 1877
738 1878
738 1879
738 1880
739 1851
739 1859
739 1866
739 1869
739 1870
739 1871
739 1872
739 1873
739 1874
740 1852
740 1860
740 1861
740 1862
740 1863
740 1864
740 1865
740 1866
740 1867
740 1868
741 1172
741 1853
741 1854
741 1855
741 1856
741 1857
741 1858
741 1859
742 1845
742 1846
742 1847
742 1848
742 1849
742 1850
742 1851
742 1852
743 1854
743 1883
743 1891
743 1899
743 1908
743 1911
744 1856
744 1884
744 1894
744 1900
744 1905
744 1911
744 1912
745 1855
745 1885
745 1892
745 1901
745 1907
745 1911
746 1853
746 1886
746 1893
746 1902
746 1906
746 1911
747 1857
747 1887
747 1895
747 1903
747 1909
747 1911
748 1858
748 1896
748 1905
748 1906
748 1907
748 1908
748 1909
748 1910
749 1859
749 1889
749 1897
749 1899
749 1900
749 1901
749 1902
749 1903
749 1904
750 1868
750 1890
750 1891
750 1892
750 1893
750 1894
750 1895
750 1896
750 1897
750 1898
751 1883
751 1884
751 1885
751 1886
751 1887
751 1888
751 1889
751 1890
752 1025
752 1869
752 1902
752 1913
752 1919
753 1026
753 1871
753 1901
753 1914
753 1919
754 1027
754 1870
754 1899
754 1916
754 1919
755 1028
755 1872
755 1900
755 1915
755 1919
756 1029
756 1873
756 1903
756 1917
756 1919
757 1030
757 1874
757 1904
757 1913
757 1914
757 1915
757 1916
757 1917
757 1918
758 1875
758 1907
758 1920
758 1925
759 1877
759 1908
759 1921
759 1925
760 1878
760 1905
760 1922
760 1925
761 1876
761 1906
761 1923
761 1925
762 1879
762 1909
762 1924
762 1925
763 1880
763 1910
763 1918
763 1920
763 1921
763 1922
763 1923
763 1924
764 1037
764 1881
764 1911
764 1919
764 1925
765 1574
765 1822
765 1926
765 1931
766 1573
766 1823
766 1927
766 1931
767 1572
767 1824
767 1825
767 1928
767 1931
768 1570
768 1826
768 1929
768 1931
769 1571
769 1575
769 1827
769 1930
769 1931
770 1358
770 1576
770 1828
770 1918
770 1926
770 1927
770 1928
770 1929
770 1930
771 1029
771 1932
771 1936
771 1937
771 1938
772 1029
772 1933
772 1934
772 1935
773 1359
773 1577
773 1829
773 1919
773 1931
773 1932
773 1933
774 1027
774 1932
774 1941
774 1942
774 1943
775 1027
775 1933
775 1939
775 1940
776 1028
776 1932
776 1946
776 1947
776 1948
777 1028
777 1933
777 1944
777 1945
778 1026
778 1933
778 1952
778 1953
779 1026
779 1932
779 1949
779 1950
779 1951
780 1025
780 1933
780 1960
780 1961
781 1025
781 1932
781 1957
781 1958
781 1959
782 1025
782 1932
782 1954
782 1955
782 1956
783 1030
783 1936
783 1941
783 1946
783 1949
783 1954
783 1957
783 1962
783 1966
783 1969
784 1937
784 1942
784 1947
784 1950
784 1955
784 1958
784 1964
784 1966
784 1967
784 1968
785 1938
785 1943
785 1948
785 1951
785 1956
785 1959
785 1962
785 1963
785 1964
785 1965
786 1030
786 1934
786 1939
786 1944
786 1952
786 1960
786 1970
786 1974
787 1935
787 1940
787 1945
787 1953
787 1961
787 1970
787 1971
787 1972
787 1973
788 1582
788 1830
788 1926
788 1975
789 1581
789 1831
789 1927
789 1975
790 1580
790 1832
790 1833
790 1928
790 1975
791 1578
791 1834
791 1929
791 1975
792 1579
792 1583
792 1835
792 1930
792 1975
793 1366
793 1584
793 1836
793 1925
793 1975
794 1038
794 1916
794 1977
794 1986
794 1991
795 1039
795 1914
795 1976
795 1987
795 1991
796 1040
796 1913
796 1979
796 1985
796 1991
797 1041
797 1915
797 1978
797 1984
797 1991
798 1042
798 1917
798 1980
798 1988
798 1991
799 1904
799 1982
799 1984
799 1985
799 1986
799 1987
799 1988
799 1989
799 1990
800 1874
800 1976
800 1977
800 1978
800 1979
800 1980
800 1981
800 1982
800 1983
801 1039
801 1952
801 1993
801 2000
802 1041
802 1944
802 1994
802 2000
803 1040
803 1960
803 1995
803 2000
804 1038
804 1939
804 1992
804 2000
805 1042
805 1934
805 1996
805 2000
806 1970
806 1992
806 1993
806 1994
806 1995
806 1996
806 1997
806 1998
806 1999
807 1039
807 1949
807 2004
807 2012
807 2018
808 1038
808 1941
808 2001
808 2010
808 2018
809 1041
809 1946
809 2005
809 2011
809 2018
810 1040
810 1957
810 2002
810 2014
810 2018
811 1040
811 1954
811 2003
811 2013
811 2018
812 1042
812 1936
812 2006
812 2015
812 2018
813 1966
813 2008
813 2010
813 2011
813 2012
813 2013
813 2014
813 2015
813 2016
813 2017
814 1962
814 2001
814 2002
814 2003
814 2004
814 2005
814 2006
814 2007
814 2008
814 2009
815 1367
815 1585
815 1837
815 1931
815 1991
815 2000
815 2018
816 1048
816 1918
816 2027
816 2028
816 2030
816 2033
816 2035
816 2039
816 2040
817 1048
817 1969
817 2025
817 2029
817 2031
817 2032
817 2034
817 2036
817 2037
817 2038
818 1372
818 1589
818 1841
818 1926
818 2020
818 2026
818 2034
818 2035
818 2036
819 1368
819 1588
819 1840
819 1927
819 2021
819 2026
819 2032
819 2033
820 1370
820 1587
820 1839
820 1842
820 1928
820 2022
820 2026
820 2030
820 2031
821 1369
821 1371
821 1590
821 1838
821 1929
821 2019
821 2026
821 2028
821 2029
822 1373
822 1586
822 1591
822 1843
822 1930
822 2023
822 2025
822 2026
822 2027
823 1048
823 1974
823 2019
823 2020
823 2021
823 2022
823 2023
823 2024
824 1047
824 2027
824 2041
824 2042
824 2043
825 1374
825 1592
825 1844
825 2026
825 2041
826 1044
826 2028
826 2041
826 2044
826 2045
827 1045
827 2030
827 2041
827 2046
827 2047
828 1043
828 2033
828 2041
828 2048
828 2049
829 1046
829 2035
829 2041
829 2050
829 2051
830 2039
830 2042
830 2044
830 2046
830 2048
830 2050
830 2053
830 2055
830 2056
831 2040
831 2043
831 2045
831 2047
831 2049
831 2051
831 2052
831 2053
831 2054
832 1049
832 2000
832 2057
832 2063
833 1037
833 1933
833 2058
833 2062
834 2057
834 2058
834 2059
834 2060
834 2061
835 1049
835 1991
835 2041
835 2064
835 2068
836 1911
836 2066
836 2068
836 2069
836 2070
837 1881
837 2064
837 2065
837 2066
837 2067
838 1049
838 2018
838 2071
838 2076
838 2081
839 1037
839 1932
839 2072
839 2077
839 2080
840 2074
840 2076
840 2077
840 2078
840 2079
841 2071
841 2072
841 2073
841 2074
841 2075
842 1996
842 2057
842 2082
842 2085
842 2087
842 2092
843 1935
843 2058
843 2083
843 2086
843 2088
843 2091
844 2059
844 2084
844 2087
844 2088
844 2089
844 2090
845 1170
845 2060
845 2085
845 2086
846 2061
846 2082
846 2083
846 2084
847 2062
847 2091
847 2093
848 1047
848 2023
848 2063
848 2092
849 1980
849 2043
849 2064
849 2094
849 2096
849 2097
850 1864
850 2065
850 2095
850 2097
850 2098
850 2099
851 1170
851 1857
851 2066
851 2096
852 1849
852 2067
852 2094
852 2095
853 1988
853 2042
853 2068
853 2096
853 2100
853 2102
854 1895
854 2069
854 2099
854 2101
854 2102
854 2103
855 1887
855 2070
855 2100
855 2101
856 2006
856 2071
856 2104
856 2107
856 2109
856 2114
857 1938
857 2072
857 2105
857 2108
857 2110
857 2113
858 2073
858 2106
858 2109
858 2110
858 2111
858 2112
859 1170
859 2074
859 2107
859 2108
860 2075
860 2104
860 2105
860 2106
861 2015
861 2076
861 2107
861 2115
861 2118
861 2122
862 1937
862 2077
862 2108
862 2116
862 2119
862 2121
863 2078
863 2112
863 2117
863 2118
863 2119
863 2120
864 2079
864 2115
864 2116
864 2117
865 2080
865 2113
865 2121
865 2123
866 1047
866 2025
866 2081
866 2114
866 2122
867 1994
867 2057
867 2124
867 2128
867 2130
867 2134
867 2139
868 1945
868 2058
868 2125
868 2129
868 2131
868 2135
868 2138
869 2059
869 2126
869 2134
869 2135
869 2136
869 2137
870 2127
870 2130
870 2131
870 2132
870 2133
871 1168
871 2060
871 2128
871 2129
872 2061
872 2124
872 2125
872 2126
872 2127
873 2062
873 2138
873 2140
874 1045
874 2022
874 2063
874 2139
875 1978
875 2047
875 2064
875 2141
875 2144
875 2145
875 2148
876 1862
876 2065
876 2142
876 2148
876 2149
876 2150
877 1882
877 2143
877 2145
877 2146
877 2147
878 1168
878 1856
878 2066
878 2144
879 1847
879 2067
879 2141
879 2142
879 2143
880 1984
880 2046
880 2068
880 2144
880 2151
880 2154
880 2156
881 1894
881 2069
881 2150
881 2152
881 2156
881 2157
882 1912
882 2147
882 2153
882 2154
882 2155
883 1884
883 2070
883 2151
883 2152
883 2153
884 2005
884 2071
884 2158
884 2162
884 2164
884 2168
884 2173
885 1948
885 2072
885 2159
885 2163
885 2165
885 2169
885 2172
886 2073
886 2160
886 2168
886 2169
886 2170
886 2171
887 2161
887 2164
887 2165
887 2166
887 2167
888 1168
888 2074
888 2162
888 2163
889 2075
889 2158
889 2159
889 2160
889 2161
890 2011
890 2076
890 2162
890 2174
890 2178
890 2181
890 2185
891 1947
891 2077
891 2163
891 2175
891 2179
891 2182
891 2184
892 2078
892 2171
892 2176
892 2181
892 2182
892 2183
893 2167
893 2177
893 2178
893 2179
893 2180
894 2079
894 2174
894 2175
894 2176
894 2177
895 2080
895 2172
895 2184
895 2186
896 1045
896 2031
896 2081
896 2173
896 2185
897 1977
897 2045
897 2064
897 2187
897 2189
897 2190
898 1860
898 2065
898 2188
898 2190
898 2191
898 2192
899 1166
899 1854
899 2066
899 2189
900 1846
900 2067
900 2187
900 2188
901 1986
901 2044
901 2068
901 2189
901 2193
901 2195
902 1891
902 2069
902 2192
902 2194
902 2195
902 2196
903 1883
903 2070
903 2193
903 2194
904 2001
904 2071
904 2197
904 2200
904 2202
904 2207
905 1943
905 2072
905 2198
905 2201
905 2203
905 2206
906 2073
906 2199
906 2202
906 2203
906 2204
906 2205
907 1166
907 2074
907 2200
907 2201
908 2075
908 2197
908 2198
908 2199
909 2010
909 2076
909 2200
909 2208
909 2211
909 2215
910 1942
910 2077
910 2201
910 2209
910 2212
910 2214
911 2078
911 2205
911 2210
911 2211
911 2212
911 2213
912 2079
912 2208
912 2209
912 2210
913 2080
913 2206
913 2214
913 2216
914 1044
914 2029
914 2081
914 2207
914 2215
915 1992
915 2057
915 2217
915 2220
915 2222
915 2227
916 1940
916 2058
916 2218
916 2221
916 2223
916 2226
917 2059
917 2219
917 2222
917 2223
917 2224
917 2225
918 1166
918 2060
918 2220
918 2221
919 2061
919 2217
919 2218
919 2219
920 2062
920 2226
920 2228
921 1044
921 2019
921 2063
921 2227
922 1976
922 2049
922 2064
922 2229
922 2231
922 2232
923 1861
923 2065
923 2230
923 2232
923 2233
923 2234
924 1167
924 1855
924 2066
924 2231
925 1845
925 2067
925 2229
925 2230
926 1987
926 2048
926 2068
926 2231
926 2235
926 2237
927 1892
927 2069
927 2234
927 2236
927 2237
927 2238
928 1885
928 2070
928 2235
928 2236
929 2004
929 2071
929 2239
929 2242
929 2244
929 2249
930 1951
930 2072
930 2240
930 2243
930 2245
930 2248
931 2073
931 2241
931 2244
931 2245
931 2246
931 2247
932 1167
932 2074
932 2242
932 2243
933 2075
933 2239
933 2240
933 2241
934 2012
934 2076
934 2242
934 2250
934 2253
934 2257
935 1950
935 2077
935 2243
935 2251
935 2254
935 2256
936 2078
936 2247
936 2252
936 2253
936 2254
936 2255
937 2079
937 2250
937 2251
937 2252
938 2080
938 2248
938 2256
938 2258
939 1043
939 2032
939 2081
939 2249
939 2257
940 1993
940 2057
940 2259
940 2262
940 2264
940 2269
941 1953
941 2058
941 2260
941 2263
941 2265
941 2268
942 2059
942 2261
942 2264
942 2265
942 2266
942 2267
943 1167
943 2060
943 2262
943 2263
944 2061
944 2259
944 2260
944 2261
945 2062
945 2268
945 2270
946 1043
946 2021
946 2063
946 2269
947 2003
947 2071
947 2271
947 2274
947 2276
947 2281
948 1956
948 2072
948 2272
948 2275
948 2277
948 2280
949 2073
949 2273
949 2276
949 2277
949 2278
949 2279
950 1169
950 2074
950 2274
950 2275
951 2075
951 2271
951 2272
951 2273
952 2013
952 2076
952 2274
952 2282
952 2285
952 2289
953 1955
953 2077
953 2275
953 2283
953 2286
953 2288
954 2078
954 2279
954 2284
954 2285
954 2286
954 2287
955 2079
955 2282
955 2283
955 2284
956 2080
956 2280
956 2288
956 2290
957 1046
957 2036
957 2081
957 2281
957 2289
958 1979
958 2051
958 2064
958 2291
958 2293
958 2294
959 1863
959 2065
959 2292
959 2294
959 2295
959 2296
960 1169
960 1853
960 2066
960 2293
961 1848
961 2067
961 2291
961 2292
962 1985
962 2050
962 2068
962 2293
962 2297
962 2299
963 1893
963 2069
963 2296
963 2298
963 2299
963 2300
964 1886
964 2070
964 2297
964 2298
965 2002
965 2071
965 2301
965 2304
965 2306
965 2311
966 1959
966 2072
966 2302
966 2305
966 2307
966 2310
967 2073
967 2303
967 2306
967 2307
967 2308
967 2309
968 1169
968 2074
968 2304
968 2305
969 2075
969 2301
969 2302
969 2303
970 2014
970 2076
970 2304
970 2312
970 2315
970 2319
971 1958
971 2077
971 2305
971 2313
971 2316
971 2318
972 2078
972 2309
972 2314
972 2315
972 2316
972 2317
973 2079
973 2312
973 2313
973 2314
974 2080
974 2310
974 2318
974 2320
975 1046
975 2034
975 2081
975 2311
975 2319
976 1995
976 2057
976 2321
976 2324
976 2326
976 2331
977 1961
977 2058
977 2322
977 2325
977 2327
977 2330
978 2059
978 2323
978 2326
978 2327
978 2328
978 2329
979 1169
979 2060
979 2324
979 2325
980 2061
980 2321
980 2322
980 2323
981 2062
981 2330
981 2332
982 1046
982 2020
982 2063
982 2331
983 1999
983 2082
983 2124
983 2217
983 2259
983 2321
983 2333
983 2337
984 1973
984 2083
984 2125
984 2218
984 2260
984 2322
984 2334
984 2336
985 2084
985 2126
985 2219
985 2261
985 2323
985 2333
985 2334
985 2335
986 1171
986 1998
986 2085
986 2128
986 2220
986 2262
986 2324
986 2339
987 1172
987 1972
987 2086
987 2129
987 2221
987 2263
987 2325
987 2338
988 1997
988 2087
988 2134
988 2222
988 2264
988 2326
988 2333
988 2340
988 2343
988 2346
989 1971
989 2088
989 2135
989 2223
989 2265
989 2327
989 2334
989 2341
989 2344
989 2345
990 2089
990 2136
990 2224
990 2266
990 2328
990 2335
990 2342
990 2343
990 2344
991 1209
991 2090
991 2137
991 2225
991 2267
991 2329
991 2340
991 2341
991 2342
992 2091
992 2138
992 2226
992 2268
992 2330
992 2338
992 2345
992 2347
993 2024
993 2092
993 2139
993 2227
993 2269
993 2331
993 2337
993 2339
993 2346
994 1974
994 2093
994 2140
994 2228
994 2270
994 2332
994 2347
995 1983
995 2054
995 2094
995 2141
995 2187
995 2229
995 2291
995 2348
996 1852
996 2095
996 2142
996 2188
996 2230
996 2292
996 2348
996 2349
997 1171
997 1982
997 2053
997 2096
997 2144
997 2189
997 2231
997 2293
998 1981
998 2052
998 2097
998 2148
998 2190
998 2232
998 2294
998 2348
998 2350
998 2352
999 1867
999 2098
999 2149
999 2191
999 2233
999 2295
999 2349
999 2351
999 2352
1000 1209
1000 1868
1000 2099
1000 2150
1000 2192
1000 2234
1000 2296
1000 2350
1000 2351
1001 1990
1001 2056
1001 2100
1001 2151
1001 2193
1001 2235
1001 2297
1001 2353
1002 1890
1002 2101
1002 2152
1002 2194
1002 2236
1002 2298
1002 2353
1002 2354
1003 1989
1003 2055
1003 2102
1003 2156
1003 2195
1003 2237
1003 2299
1003 2350
1003 2353
1003 2355
1004 1898
1004 2103
1004 2157
1004 2196
1004 2238
1004 2300
1004 2351
1004 2354
1004 2355
1005 2009
1005 2104
1005 2158
1005 2197
1005 2239
1005 2271
1005 2301
1005 2356
1005 2360
1006 1965
1006 2105
1006 2159
1006 2198
1006 2240
1006 2272
1006 2302
1006 2357
1006 2359
1007 2106
1007 2160
1007 2199
1007 2241
1007 2273
1007 2303
1007 2356
1007 2357
1007 2358
1008 1171
1008 2008
1008 2107
1008 2162
1008 2200
1008 2242
1008 2274
1008 2304
1008 2362
1009 1172
1009 1964
1009 2108
1009 2163
1009 2201
1009 2243
1009 2275
1009 2305
1009 2361
1010 2007
1010 2109
1010 2168
1010 2202
1010 2244
1010 2276
1010 2306
1010 2356
1010 2363
1010 2366
1010 2369
1011 1963
1011 2110
1011 2169
1011 2203
1011 2245
1011 2277
1011 2307
1011 2357
1011 2364
1011 2367
1011 2368
1012 2111
1012 2170
1012 2204
1012 2246
1012 2278
1012 2308
1012 2358
1012 2365
1012 2366
1012 2367
1013 1209
1013 2112
1013 2171
1013 2205
1013 2247
1013 2279
1013 2309
1013 2363
1013 2364
1013 2365
1014 2113
1014 2172
1014 2206
1014 2248
1014 2280
1014 2310
1014 2361
1014 2368
1014 2370
1015 2038
1015 2114
1015 2173
1015 2207
1015 2249
1015 2281
1015 2311
1015 2360
1015 2362
1015 2369
1016 2017
1016 2115
1016 2174
1016 2208
1016 2250
1016 2282
1016 2312
1016 2371
1016 2375
1017 1968
1017 2116
1017 2175
1017 2209
1017 2251
1017 2283
1017 2313
1017 2372
1017 2374
1018 2117
1018 2176
1018 2210
1018 2252
1018 2284
1018 2314
1018 2371
1018 2372
1018 2373
1019 2016
1019 2118
1019 2181
1019 2211
1019 2253
1019 2285
1019 2315
1019 2363
1019 2371
1019 2376
1019 2379
1020 1967
1020 2119
1020 2182
1020 2212
1020 2254
1020 2286
1020 2316
1020 2364
1020 2372
1020 2377
1020 2378
1021 2120
1021 2183
1021 2213
1021 2255
1021 2287
1021 2317
1021 2365
1021 2373
1021 2376
1021 2377
1022 2121
1022 2184
1022 2214
1022 2256
1022 2288
1022 2318
1022 2361
1022 2378
1022 2380
1023 2037
1023 2122
1023 2185
1023 2215
1023 2257
1023 2289
1023 2319
1023 2362
1023 2375
1023 2379
1024 1969
1024 2123
1024 2186
1024 2216
1024 2258
1024 2290
1024 2320
1024 2370
1024 2380
1025 2383
1025 2387
1026 2382
1026 2387
1027 2381
1027 2387
1028 2384
1028 2387
1029 2385
1029 2387
1030 2381
1030 2382
1030 2383
1030 2384
1030 2385
1030 2386
1031 2388
1031 2393
1032 2389
1032 2393
1033 2390
1033 2393
1034 2391
1034 2393
1035 2392
1035 2393
1036 2386
1036 2388
1036 2389
1036 2390
1036 2391
1036 2392
1037 2387
1037 2393
1038 2381
1038 2394
1039 2382
1039 2394
1040 2383
1040 2394
1041 2384
1041 2394
1042 2385
1042 2394
1043 2395
1043 2400
1044 2396
1044 2400
1045 2397
1045 2400
1046 2398
1046 2400
1047 2399
1047 2400
1048 2386
1048 2395
1048 2396
1048 2397
1048 2398
1048 2399
1049 2394
1049 2400
1050 2401
1050 2407
1050 2413
1051 2402
1051 2410
1051 2413
1052 2403
1052 2408
1052 2413
1053 2404
1053 2409
1053 2413
1054 2405
1054 2411
1054 2413
1055 2407
1055 2408
1055 2409
1055 2410
1055 2411
1055 2412
1056 2401
1056 2402
1056 2403
1056 2404
1056 2405
1056 2406
1057 2414
1057 2421
1057 2425
1058 2415
1058 2422
1058 2425
1059 2416
1059 2420
1059 2425
1060 2417
1060 2419
1060 2425
1061 2418
1061 2423
1061 2425
1062 2419
1062 2420
1062 2421
1062 2422
1062 2423
1062 2424
1063 2406
1063 2414
1063 2415
1063 2416
1063 2417
1063 2418
1064 2413
1064 2425
1065 2426
1065 2433
1065 2440
1066 2427
1066 2434
1066 2440
1067 2428
1067 2435
1067 2440
1068 2429
1068 2436
1068 2440
1069 2430
1069 2437
1069 2440
1070 2433
1070 2434
1070 2435
1070 2436
1070 2437
1070 2438
1070 2439
1071 2426
1071 2427
1071 2428
1071 2429
1071 2430
1071 2431
1071 2432
1072 2441
1072 2450
1072 2459
1072 2469
1072 2477
1072 2485
1073 2442
1073 2451
1073 2462
1073 2470
1073 2479
1073 2485
1073 2486
1074 2443
1074 2452
1074 2461
1074 2471
1074 2478
1074 2485
1075 2444
1075 2453
1075 2463
1075 2472
1075 2480
1075 2485
1076 2445
1076 2454
1076 2460
1076 2473
1076 2481
1076 2485
1077 2446
1077 2455
1077 2464
1077 2474
1077 2482
1077 2485
1078 2447
1078 2456
1078 2465
1078 2477
1078 2478
1078 2479
1078 2480
1078 2481
1078 2482
1078 2483
1078 2484
1079 2448
1079 2457
1079 2466
1079 2469
1079 2470
1079 2471
1079 2472
1079 2473
1079 2474
1079 2475
1079 2476
1080 2449
1080 2459
1080 2460
1080 2461
1080 2462
1080 2463
1080 2464
1080 2465
1080 2466
1080 2467
1080 2468
1081 2450
1081 2451
1081 2452
1081 2453
1081 2454
1081 2455
1081 2456
1081 2457
1081 2458
1082 2441
1082 2442
1082 2443
1082 2444
1082 2445
1082 2446
1082 2447
1082 2448
1082 2449
1083 2450
1083 2487
1083 2496
1083 2505
1083 2517
1083 2521
1084 2451
1084 2491
1084 2497
1084 2506
1084 2514
1084 2521
1084 2522
1085 2454
1085 2489
1085 2500
1085 2507
1085 2513
1085 2521
1086 2453
1086 2490
1086 2498
1086 2508
1086 2515
1086 2521
1087 2452
1087 2488
1087 2499
1087 2509
1087 2516
1087 2521
1088 2455
1088 2492
1088 2501
1088 2510
1088 2518
1088 2521
1089 2456
1089 2493
1089 2502
1089 2513
1089 2514
1089 2515
1089 2516
1089 2517
1089 2518
1089 2519
1089 2520
1090 2457
1090 2494
1090 2503
1090 2505
1090 2506
1090 2507
1090 2508
1090 2509
1090 2510
1090 2511
1090 2512
1091 2468
1091 2495
1091 2496
1091 2497
1091 2498
1091 2499
1091 2500
1091 2501
1091 2502
1091 2503
1091 2504
1092 2487
1092 2488
1092 2489
1092 2490
1092 2491
1092 2492
1092 2493
1092 2494
1092 2495
1093 2426
1093 2469
1093 2505
1093 2523
1093 2530
1093 2537
1094 2427
1094 2470
1094 2506
1094 2524
1094 2531
1094 2537
1095 2426
1095 2471
1095 2509
1095 2525
1095 2532
1095 2537
1096 2428
1096 2472
1096 2508
1096 2526
1096 2533
1096 2537
1097 2429
1097 2473
1097 2507
1097 2527
1097 2534
1097 2537
1098 2430
1098 2474
1098 2510
1098 2528
1098 2535
1098 2537
1099 2475
1099 2511
1099 2530
1099 2531
1099 2532
1099 2533
1099 2534
1099 2535
1099 2536
1100 2432
1100 2476
1100 2512
1100 2523
1100 2524
1100 2525
1100 2526
1100 2527
1100 2528
1100 2529
1101 2433
1101 2477
1101 2517
1101 2538
1101 2544
1101 2551
1102 2433
1102 2478
1102 2516
1102 2539
1102 2548
1102 2551
1103 2434
1103 2479
1103 2514
1103 2540
1103 2547
1103 2551
1104 2435
1104 2480
1104 2515
1104 2541
1104 2546
1104 2551
1105 2436
1105 2481
1105 2513
1105 2542
1105 2545
1105 2551
1106 2437
1106 2482
1106 2518
1106 2543
1106 2549
1106 2551
1107 2438
1107 2483
1107 2519
1107 2544
1107 2545
1107 2546
1107 2547
1107 2548
1107 2549
1107 2550
1108 2439
1108 2484
1108 2520
1108 2529
1108 2538
1108 2539
1108 2540
1108 2541
1108 2542
1108 2543
1109 2440
1109 2485
1109 2521
1109 2537
1109 2551
1110 2401
1110 2523
1110 2556
1110 2559
1111 2402
1111 2527
1111 2552
1111 2559
1112 2401
1112 2525
1112 2555
1112 2559
1113 2403
1113 2524
1113 2553
1113 2559
1114 2404
1114 2526
1114 2554
1114 2559
1115 2405
1115 2528
1115 2557
1115 2559
1116 2406
1116 2529
1116 2552
1116 2553
1116 2554
1116 2555
1116 2556
1116 2557
1116 2558
1117 2530
1117 2560
1117 2566
1118 2531
1118 2561
1118 2566
1119 2532
1119 2562
1119 2566
1120 2533
1120 2563
1120 2566
1121 2534
1121 2564
1121 2566
1122 2535
1122 2565
1122 2566
1123 2536
1123 2558
1123 2560
1123 2561
1123 2562
1123 2563
1123 2564
1123 2565
1124 2413
1124 2537
1124 2559
1124 2566
1125 2414
1125 2542
1125 2552
1125 2567
1126 2415
1126 2540
1126 2553
1126 2567
1127 2416
1127 2541
1127 2554
1127 2567
1128 2417
1128 2539
1128 2555
1128 2567
1129 2417
1129 2538
1129 2556
1129 2567
1130 2418
1130 2543
1130 2557
1130 2567
1131 2419
1131 2544
1131 2568
1131 2574
1132 2420
1132 2546
1132 2569
1132 2574
1133 2421
1133 2545
1133 2570
1133 2574
1134 2422
1134 2547
1134 2571
1134 2574
1135 2419
1135 2548
1135 2572
1135 2574
1136 2423
1136 2549
1136 2573
1136 2574
1137 2424
1137 2550
1137 2558
1137 2568
1137 2569
1137 2570
1137 2571
1137 2572
1137 2573
1138 2425
1138 2551
1138 2567
1138 2574
1139 2579
1139 2583
1139 2591
1139 2599
1140 2576
1140 2584
1140 2595
1140 2599
1141 2575
1141 2585
1141 2593
1141 2599
1142 2577
1142 2586
1142 2592
1142 2599
1143 2578
1143 2587
1143 2594
1143 2599
1144 2580
1144 2588
1144 2596
1144 2599
1145 2581
1145 2591
1145 2592
1145 2593
1145 2594
1145 2595
1145 2596
1145 2597
1145 2598
1146 2582
1146 2583
1146 2584
1146 2585
1146 2586
1146 2587
1146 2588
1146 2589
1146 2590
1147 2575
1147 2576
1147 2577
1147 2578
1147 2579
1147 2580
1147 2581
1147 2582
1148 2583
1148 2600
1148 2607
1148 2614
1149 2587
1149 2601
1149 2609
1149 2614
1150 2586
1150 2602
1150 2608
1150 2614
1151 2584
1151 2603
1151 2611
1151 2614
1151 2615
1152 2585
1152 2604
1152 2610
1152 2614
1153 2588
1153 2605
1153 2612
1153 2614
1154 2589
1154 2607
1154 2608
1154 2609
1154 2610
1154 2611
1154 2612
1154 2613
1155 2590
1155 2600
1155 2601
1155 2602
1155 2603
1155 2604
1155 2605
1155 2606
1156 2594
1156 2616
1156 2624
1156 2629
1157 2595
1157 2617
1157 2625
1157 2629
1157 2630
1158 2593
1158 2618
1158 2623
1158 2629
1159 2592
1159 2619
1159 2626
1159 2629
1160 2591
1160 2620
1160 2622
1160 2629
1161 2596
1161 2621
1161 2627
1161 2629
1162 2597
1162 2622
1162 2623
1162 2624
1162 2625
1162 2626
1162 2627
1162 2628
1163 2598
1163 2606
1163 2616
1163 2617
1163 2618
1163 2619
1163 2620
1163 2621
1164 2599
1164 2614
1164 2629
1165 2615
1165 2630
1165 2631
1166 2632
1166 2642
1166 2646
1167 2633
1167 2639
1167 2646
1168 2634
1168 2640
1168 2646
1169 2635
1169 2641
1169 2646
1170 2636
1170 2643
1170 2646
1171 2639
1171 2640
1171 2641
1171 2642
1171 2643
1171 2644
1171 2645
1172 2632
1172 2633
1172 2634
1172 2635
1172 2636
1172 2637
1172 2638
1173 2450
1173 2647
1173 2654
1173 2666
1173 2670
1174 2454
1174 2648
1174 2655
1174 2662
1174 2670
1175 2452
1175 2647
1175 2656
1175 2665
1175 2670
1176 2451
1176 2649
1176 2657
1176 2663
1176 2670
1177 2453
1177 2650
1177 2658
1177 2664
1177 2670
1178 2455
1178 2651
1178 2659
1178 2667
1178 2670
1179 2456
1179 2652
1179 2662
1179 2663
1179 2664
1179 2665
1179 2666
1179 2667
1179 2668
1179 2669
1180 2457
1180 2653
1180 2654
1180 2655
1180 2656
1180 2657
1180 2658
1180 2659
1180 2660
1180 2661
1181 2647
1181 2648
1181 2649
1181 2650
1181 2651
1181 2652
1181 2653
1182 2632
1182 2654
1182 2671
1182 2678
1182 2685
1183 2633
1183 2655
1183 2672
1183 2680
1183 2685
1184 2632
1184 2656
1184 2673
1184 2679
1184 2685
1185 2634
1185 2657
1185 2674
1185 2682
1185 2685
1186 2635
1186 2658
1186 2675
1186 2681
1186 2685
1187 2636
1187 2659
1187 2676
1187 2683
1187 2685
1188 2660
1188 2678
1188 2679
1188 2680
1188 2681
1188 2682
1188 2683
1188 2684
1189 2638
1189 2661
1189 2671
1189 2672
1189 2673
1189 2674
1189 2675
1189 2676
1189 2677
1190 2639
1190 2662
1190 2686
1190 2694
1190 2699
1191 2640
1191 2663
1191 2687
1191 2695
1191 2699
1192 2641
1192 2664
1192 2688
1192 2693
1192 2699
1193 2642
1193 2665
1193 2689
1193 2696
1193 2699
1194 2642
1194 2666
1194 2690
1194 2692
1194 2699
1195 2643
1195 2667
1195 2691
1195 2697
1195 2699
1196 2644
1196 2668
1196 2692
1196 2693
1196 2694
1196 2695
1196 2696
1196 2697
1196 2698
1197 2645
1197 2669
1197 2677
1197 2686
1197 2687
1197 2688
1197 2689
1197 2690
1197 2691
1198 2646
1198 2670
1198 2685
1198 2699
1199 2700
1199 2708
1199 2722
1199 2726
1199 2734
1199 2742
1200 2701
1200 2711
1200 2719
1200 2727
1200 2738
1200 2742
1201 2702
1201 2712
1201 2718
1201 2728
1201 2736
1201 2742
1202 2700
1202 2709
1202 2720
1202 2729
1202 2735
1202 2742
1203 2703
1203 2710
1203 2721
1203 2730
1203 2737
1203 2742
1204 2704
1204 2713
1204 2723
1204 2731
1204 2739
1204 2742
1205 2705
1205 2714
1205 2724
1205 2734
1205 2735
1205 2736
1205 2737
1205 2738
1205 2739
1205 2740
1205 2741
1206 2706
1206 2715
1206 2725
1206 2726
1206 2727
1206 2728
1206 2729
1206 2730
1206 2731
1206 2732
1206 2733
1207 2707
1207 2716
1207 2718
1207 2719
1207 2720
1207 2721
1207 2722
1207 2723
1207 2724
1207 2725
1208 2468
1208 2708
1208 2709
1208 2710
1208 2711
1208 2712
1208 2713
1208 2714
1208 2715
1208 2716
1208 2717
1209 2700
1209 2701
1209 2702
1209 2703
1209 2704
1209 2705
1209 2706
1209 2707
1210 2575
1210 2718
1210 2743
1210 2751
1210 2759
1211 2577
1211 2720
1211 2745
1211 2754
1211 2759
1212 2578
1212 2721
1212 2746
1212 2752
1212 2759
1213 2576
1213 2719
1213 2744
1213 2755
1213 2759
1214 2579
1214 2722
1214 2747
1214 2753
1214 2759
1215 2580
1215 2723
1215 2748
1215 2756
1215 2759
1216 2581
1216 2724
1216 2751
1216 2752
1216 2753
1216 2754
1216 2755
1216 2756
1216 2757
1216 2758
1217 2582
1217 2725
1217 2743
1217 2744
1217 2745
1217 2746
1217 2747
1217 2748
1217 2749
1217 2750
1218 2583
1218 2726
1218 2747
1218 2760
1218 2767
1218 2774
1219 2584
1219 2727
1219 2744
1219 2761
1219 2768
1219 2774
1220 2585
1220 2728
1220 2743
1220 2762
1220 2771
1220 2774
1221 2586
1221 2729
1221 2745
1221 2763
1221 2769
1221 2774
1222 2587
1222 2730
1222 2746
1222 2764
1222 2770
1222 2774
1223 2588
1223 2731
1223 2748
1223 2765
1223 2772
1223 2774
1224 2732
1224 2749
1224 2767
1224 2768
1224 2769
1224 2770
1224 2771
1224 2772
1224 2773
1225 2590
1225 2733
1225 2750
1225 2760
1225 2761
1225 2762
1225 2763
1225 2764
1225 2765
1225 2766
1226 2591
1226 2734
1226 2753
1226 2775
1226 2781
1226 2788
1227 2592
1227 2735
1227 2754
1227 2776
1227 2784
1227 2788
1228 2593
1228 2736
1228 2751
1228 2777
1228 2785
1228 2788
1229 2594
1229 2737
1229 2752
1229 2778
1229 2782
1229 2788
1230 2595
1230 2738
1230 2755
1230 2779
1230 2783
1230 2788
1231 2596
1231 2739
1231 2756
1231 2780
1231 2786
1231 2788
1232 2597
1232 2740
1232 2757
1232 2781
1232 2782
1232 2783
1232 2784
1232 2785
1232 2786
1232 2787
1233 2598
1233 2741
1233 2758
1233 2766
1233 2775
1233 2776
1233 2777
1233 2778
1233 2779
1233 2780
1234 2599
1234 2742
1234 2759
1234 2774
1234 2788
1235 2600
1235 2671
1235 2760
1235 2793
1235 2796
1236 2601
1236 2672
1236 2764
1236 2789
1236 2796
1237 2602
1237 2673
1237 2763
1237 2792
1237 2796
1238 2603
1238 2674
1238 2761
1238 2790
1238 2796
1238 2797
1239 2604
1239 2675
1239 2762
1239 2791
1239 2796
1240 2605
1240 2676
1240 2765
1240 2794
1240 2796
1241 2606
1241 2677
1241 2766
1241 2789
1241 2790
1241 2791
1241 2792
1241 2793
1241 2794
1241 2795
1242 2678
1242 2767
1242 2798
1242 2804
1243 2679
1243 2769
1243 2799
1243 2804
1244 2680
1244 2770
1244 2800
1244 2804
1245 2681
1245 2771
1245 2801
1245 2804
1246 2682
1246 2768
1246 2802
1246 2804
1246 2805
1247 2683
1247 2772
1247 2803
1247 2804
1248 2684
1248 2773
1248 2795
1248 2798
1248 2799
1248 2800
1248 2801
1248 2802
1248 2803
1249 2614
1249 2685
1249 2774
1249 2796
1249 2804
1250 2615
1250 2797
1250 2805
1250 2806
1250 2807
1251 2616
1251 2686
1251 2778
1251 2789
1251 2808
1252 2617
1252 2687
1252 2779
1252 2790
1252 2808
1252 2809
1253 2618
1253 2688
1253 2777
1253 2791
1253 2808
1254 2619
1254 2689
1254 2776
1254 2792
1254 2808
1255 2620
1255 2690
1255 2775
1255 2793
1255 2808
1256 2621
1256 2691
1256 2780
1256 2794
1256 2808
1257 2622
1257 2692
1257 2781
1257 2810
1257 2816
1258 2623
1258 2693
1258 2785
1258 2811
1258 2816
1259 2624
1259 2694
1259 2782
1259 2812
1259 2816
1260 2625
1260 2695
1260 2783
1260 2813
1260 2816
1260 2817
1261 2626
1261 2696
1261 2784
1261 2814
1261 2816
1262 2627
1262 2697
1262 2786
1262 2815
1262 2816
1263 2628
1263 2698
1263 2787
1263 2795
1263 2810
1263 2811
1263 2812
1263 2813
1263 2814
1263 2815
1264 2629
1264 2699
1264 2788
1264 2808
1264 2816
1265 2630
1265 2809
1265 2817
1265 2818
1265 2819
1266 2631
1266 2806
1266 2818
1266 2820
1267 2807
1267 2819
1267 2820
1267 2821
1267 2822
1268 2827
1268 2831
1268 2839
1268 2847
1269 2826
1269 2834
1269 2840
1269 2847
1270 2824
1270 2835
1270 2843
1270 2847
1271 2825
1271 2832
1271 2841
1271 2847
1272 2823
1272 2833
1272 2842
1272 2847
1273 2828
1273 2836
1273 2844
1273 2847
1274 2829
1274 2839
1274 2840
1274 2841
1274 2842
1274 2843
1274 2844
1274 2845
1274 2846
1275 2830
1275 2831
1275 2832
1275 2833
1275 2834
1275 2835
1275 2836
1275 2837
1275 2838
1276 2823
1276 2824
1276 2825
1276 2826
1276 2827
1276 2828
1276 2829
1276 2830
1277 2831
1277 2848
1277 2855
1277 2862
1278 2834
1278 2849
1278 2858
1278 2862
1279 2835
1279 2850
1279 2856
1279 2862
1280 2833
1280 2851
1280 2857
1280 2862
1281 2832
1281 2852
1281 2859
1281 2862
1281 2863
1282 2836
1282 2853
1282 2860
1282 2862
1283 2837
1283 2855
1283 2856
1283 2857
1283 2858
1283 2859
1283 2860
1283 2861
1284 2838
1284 2848
1284 2849
1284 2850
1284 2851
1284 2852
1284 2853
1284 2854
1285 2843
1285 2864
1285 2872
1285 2877
1286 2841
1286 2865
1286 2871
1286 2877
1286 2878
1287 2842
1287 2866
1287 2873
1287 2877
1288 2840
1288 2867
1288 2874
1288 2877
1289 2839
1289 2868
1289 2870
1289 2877
1290 2844
1290 2869
1290 2875
1290 2877
1291 2845
1291 2870
1291 2871
1291 2872
1291 2873
1291 2874
1291 2875
1291 2876
1292 2846
1292 2854
1292 2864
1292 2865
1292 2866
1292 2867
1292 2868
1292 2869
1293 2847
1293 2862
1293 2877
1294 2863
1294 2878
1294 2879
1295 2718
1295 2823
1295 2880
1295 2888
1295 2896
1296 2721
1296 2824
1296 2881
1296 2890
1296 2896
1297 2720
1297 2826
1297 2883
1297 2889
1297 2896
1298 2722
1298 2827
1298 2884
1298 2891
1298 2896
1299 2719
1299 2825
1299 2882
1299 2892
1299 2896
1300 2723
1300 2828
1300 2885
1300 2893
1300 2896
1301 2724
1301 2829
1301 2888
1301 2889
1301 2890
1301 2891
1301 2892
1301 2893
1301 2894
1301 2895
1302 2725
1302 2830
1302 2880
1302 2881
1302 2882
1302 2883
1302 2884
1302 2885
1302 2886
1302 2887
1303 2726
1303 2831
1303 2884
1303 2897
1303 2904
1303 2911
1304 2729
1304 2834
1304 2883
1304 2898
1304 2905
1304 2911
1305 2730
1305 2835
1305 2881
1305 2899
1305 2906
1305 2911
1306 2727
1306 2832
1306 2882
1306 2900
1306 2908
1306 2911
1307 2728
1307 2833
1307 2880
1307 2901
1307 2907
1307 2911
1308 2731
1308 2836
1308 2885
1308 2902
1308 2909
1308 2911
1309 2732
1309 2886
1309 2904
1309 2905
1309 2906
1309 2907
1309 2908
1309 2909
1309 2910
1310 2733
1310 2838
1310 2887
1310 2897
1310 2898
1310 2899
1310 2900
1310 2901
1310 2902
1310 2903
1311 2736
1311 2842
1311 2888
1311 2912
1311 2921
1311 2925
1312 2735
1312 2840
1312 2889
1312 2913
1312 2920
1312 2925
1313 2738
1313 2841
1313 2892
1313 2914
1313 2919
1313 2925
1314 2734
1314 2839
1314 2891
1314 2915
1314 2918
1314 2925
1315 2737
1315 2843
1315 2890
1315 2916
1315 2922
1315 2925
1316 2739
1316 2844
1316 2893
1316 2917
1316 2923
1316 2925
1317 2740
1317 2845
1317 2894
1317 2918
1317 2919
1317 2920
1317 2921
1317 2922
1317 2923
1317 2924
1318 2741
1318 2846
1318 2895
1318 2903
1318 2912
1318 2913
1318 2914
1318 2915
1318 2916
1318 2917
1319 2742
1319 2847
1319 2896
1319 2911
1319 2925
1320 2671
1320 2848
1320 2897
1320 2930
1320 2933
1321 2674
1321 2852
1321 2900
1321 2927
1321 2933
1321 2934
1322 2672
1322 2850
1322 2899
1322 2926
1322 2933
1323 2675
1323 2851
1323 2901
1323 2929
1323 2933
1324 2673
1324 2849
1324 2898
1324 2928
1324 2933
1325 2676
1325 2853
1325 2902
1325 2931
1325 2933
1326 2677
1326 2854
1326 2903
1326 2926
1326 2927
1326 2928
1326 2929
1326 2930
1326 2931
1326 2932
1327 2678
1327 2904
1327 2935
1327 2941
1328 2680
1328 2906
1328 2936
1328 2941
1329 2681
1329 2907
1329 2937
1329 2941
1330 2679
1330 2905
1330 2938
1330 2941
1331 2682
1331 2908
1331 2939
1331 2941
1331 2942
1332 2683
1332 2909
1332 2940
1332 2941
1333 2684
1333 2910
1333 2932
1333 2935
1333 2936
1333 2937
1333 2938
1333 2939
1333 2940
1334 2685
1334 2862
1334 2911
1334 2933
1334 2941
1335 2807
1335 2863
1335 2934
1335 2942
1335 2943
1336 2686
1336 2864
1336 2916
1336 2926
1336 2944
1337 2687
1337 2865
1337 2914
1337 2927
1337 2944
1337 2945
1338 2689
1338 2867
1338 2913
1338 2928
1338 2944
1339 2688
1339 2866
1339 2912
1339 2929
1339 2944
1340 2690
1340 2868
1340 2915
1340 2930
1340 2944
1341 2691
1341 2869
1341 2917
1341 2931
1341 2944
1342 2692
1342 2870
1342 2918
1342 2946
1342 2952
1343 2695
1343 2871
1343 2919
1343 2947
1343 2952
1343 2953
1344 2694
1344 2872
1344 2922
1344 2948
1344 2952
1345 2693
1345 2873
1345 2921
1345 2949
1345 2952
1346 2696
1346 2874
1346 2920
1346 2950
1346 2952
1347 2697
1347 2875
1347 2923
1347 2951
1347 2952
1348 2698
1348 2876
1348 2924
1348 2932
1348 2946
1348 2947
1348 2948
1348 2949
1348 2950
1348 2951
1349 2699
1349 2877
1349 2925
1349 2944
1349 2952
1350 2819
1350 2878
1350 2945
1350 2953
1350 2954
1351 2820
1351 2879
1351 2943
1351 2954
1352 2381
1352 2556
1352 2793
1352 2930
1352 2958
1352 2961
1353 2382
1353 2552
1353 2789
1353 2926
1353 2955
1353 2961
1354 2383
1354 2554
1354 2791
1354 2929
1354 2959
1354 2961
1355 2381
1355 2555
1355 2792
1355 2928
1355 2956
1355 2961
1356 2384
1356 2553
1356 2790
1356 2927
1356 2957
1356 2961
1357 2385
1357 2557
1357 2794
1357 2931
1357 2960
1357 2961
1358 2386
1358 2558
1358 2795
1358 2932
1358 2955
1358 2956
1358 2957
1358 2958
1358 2959
1358 2960
1359 2387
1359 2559
1359 2796
1359 2933
1359 2961
1360 2563
1360 2801
1360 2937
1360 2959
1360 2962
1361 2562
1361 2799
1361 2938
1361 2956
1361 2962
1362 2564
1362 2800
1362 2936
1362 2955
1362 2962
1363 2560
1363 2798
1363 2935
1363 2958
1363 2962
1364 2561
1364 2802
1364 2939
1364 2957
1364 2962
1365 2565
1365 2803
1365 2940
1365 2960
1365 2962
1366 2566
1366 2804
1366 2941
1366 2962
1367 2394
1367 2567
1367 2808
1367 2944
1367 2961
1368 2395
1368 2570
1368 2812
1368 2948
1368 2955
1368 2963
1369 2396
1369 2572
1369 2814
1369 2950
1369 2956
1369 2963
1370 2397
1370 2571
1370 2813
1370 2947
1370 2957
1370 2963
1371 2396
1371 2568
1371 2810
1371 2946
1371 2958
1371 2963
1372 2398
1372 2569
1372 2811
1372 2949
1372 2959
1372 2963
1373 2399
1373 2573
1373 2815
1373 2951
1373 2960
1373 2963
1374 2400
1374 2574
1374 2816
1374 2952
1374 2963
1375 2964
1375 2973
1375 2984
1375 2988
1376 2966
1376 2974
1376 2981
1376 2988
1377 2965
1377 2972
1377 2983
1377 2988
1378 2967
1378 2975
1378 2980
1378 2988
1379 2968
1379 2976
1379 2982
1379 2988
1380 2969
1380 2977
1380 2985
1380 2988
1381 2970
1381 2980
1381 2981
1381 2982
1381 2983
1381 2984
1381 2985
1381 2986
1381 2987
1382 2971
1382 2972
1382 2973
1382 2974
1382 2975
1382 2976
1382 2977
1382 2978
1382 2979
1383 2964
1383 2965
1383 2966
1383 2967
1383 2968
1383 2969
1383 2970
1383 2971
1390 2978
1390 2996
1390 2997
1390 2998
1390 2999
1390 3000
1390 3001
1390 3002
1391 2979
1391 2989
1391 2990
1391 2991
1391 2992
1391 2993
1391 2994
1391 2995