402 1180
0 1
0 2
0 3
0 4
0 5
0 6
0 7
0 8
1 13
1 28
1 29
1 30
2 13
2 21
2 26
2 27
3 13
3 23
3 24
3 25
4 5
4 14
4 17
4 22
5 0
5 10
5 15
5 18
5 20
5 21
6 13
6 17
6 18
6 19
7 13
7 14
7 15
7 16
8 9
8 10
8 11
8 12
8 13
9 10
9 31
9 33
9 37
9 43
10 8
10 32
10 34
10 38
10 42
11 37
11 38
11 39
11 40
11 41
12 33
12 34
12 35
12 36
13 31
13 32
14 15
14 31
14 44
14 49
15 7
15 32
15 45
15 48
16 41
16 44
16 45
16 46
16 47
17 18
17 31
17 50
17 56
18 6
18 32
18 51
18 55
19 41
19 50
19 51
19 52
19 53
19 54
20 42
20 48
20 55
20 57
20 59
21 2
21 32
21 57
21 58
22 4
22 43
22 49
22 56
22 60
22 61
22 62
23 24
23 31
23 61
23 63
24 3
24 32
24 64
24 67
25 41
25 63
25 64
25 65
25 66
26 21
26 31
26 62
26 68
27 41
27 58
27 68
27 69
27 70
28 29
28 31
28 60
28 71
29 1
29 32
29 72
29 75
30 41
30 71
30 72
30 73
30 74
31 32
31 77
32 13
32 76
33 34
33 78
33 80
33 85
34 12
34 79
34 81
34 84
35 80
35 81
35 82
35 83
36 78
36 79
37 38
37 86
37 89
37 93
37 98
38 11
38 87
38 90
38 94
38 97
39 88
39 93
39 94
39 95
39 96
40 89
40 90
40 91
40 92
41 86
41 87
41 88
42 84
42 97
42 99
43 9
43 77
43 85
43 98
44 45
44 86
44 100
44 102
44 107
45 16
45 87
45 101
45 103
45 106
46 88
46 102
46 103
46 104
46 105
47 92
47 100
47 101
48 76
48 106
48 108
49 14
49 77
49 107
50 51
50 86
50 109
50 111
50 115
50 120
51 19
51 87
51 110
51 112
51 116
51 119
52 88
52 115
52 116
52 117
52 118
53 88
53 111
53 112
53 113
53 114
54 92
54 109
54 110
55 76
55 119
55 121
56 17
56 77
56 120
57 122
57 125
58 27
58 87
58 122
58 123
58 124
59 5
59 20
59 108
59 121
60 28
60 77
60 128
61 23
61 77
61 127
62 26
62 77
62 126
63 64
63 86
63 127
63 129
63 131
64 25
64 87
64 130
64 132
64 135
65 88
65 131
65 132
65 133
65 134
66 92
66 129
66 130
67 135
67 136
68 58
68 86
68 126
68 137
68 138
69 88
69 123
69 138
69 139
69 140
70 92
70 124
70 137
71 72
71 86
71 128
71 141
71 143
72 30
72 87
72 142
72 144
72 147
73 88
73 143
73 144
73 145
73 146
74 92
74 141
74 142
75 147
75 148
76 149
77 31
78 79
78 151
79 36
79 150
80 81
80 152
80 154
80 160
81 35
81 153
81 155
81 159
82 154
82 155
82 156
82 157
82 158
83 152
83 153
84 159
84 161
85 33
85 151
85 160
86 87
86 162
86 166
87 41
87 163
87 165
88 162
88 163
88 164
89 90
89 167
89 169
89 173
90 40
90 168
90 170
90 172
91 157
91 169
91 170
91 171
92 167
92 168
93 94
93 162
93 174
93 179
93 182
94 39
94 163
94 175
94 180
94 181
95 164
95 176
95 179
95 180
96 174
96 175
96 176
96 177
96 178
97 172
97 181
97 183
98 37
98 166
98 173
98 182
99 10
99 42
99 161
99 183
100 101
100 167
100 185
101 47
101 168
101 184
102 103
102 162
102 186
102 189
102 192
103 46
103 163
103 187
103 190
103 191
104 164
104 188
104 189
104 190
105 178
105 186
105 187
105 188
106 165
106 184
106 191
106 193
107 44
107 166
107 185
107 192
108 15
108 48
108 149
108 193
109 110
109 167
109 195
110 54
110 168
110 194
111 112
111 162
111 196
111 199
111 202
112 53
112 163
112 197
112 200
112 201
113 164
113 198
113 199
113 200
114 178
114 196
114 197
114 198
115 116
115 162
115 203
115 206
115 209
116 52
116 163
116 204
116 207
116 208
117 164
117 205
117 206
117 207
118 178
118 203
118 204
118 205
119 165
119 194
119 201
119 208
119 210
120 50
120 166
120 195
120 202
120 209
121 18
121 55
121 149
121 210
122 211
122 212
122 215
123 69
123 163
123 212
123 213
123 214
124 70
124 168
124 211
125 21
125 57
125 215
126 68
126 166
126 216
126 217
127 63
127 166
127 218
127 219
128 71
128 166
128 220
128 221
129 130
129 167
129 219
130 66
130 168
130 222
131 132
131 162
131 218
131 223
131 226
132 65
132 163
132 224
132 227
132 228
133 164
133 225
133 226
133 227
134 178
134 223
134 224
134 225
135 222
135 228
135 229
136 24
136 67
136 229
137 124
137 167
137 217
138 123
138 162
138 216
138 230
138 232
139 164
139 213
139 231
139 232
140 178
140 214
140 230
140 231
141 142
141 167
141 221
142 74
142 168
142 233
143 144
143 162
143 220
143 234
143 237
144 73
144 163
144 235
144 238
144 239
145 164
145 236
145 237
145 238
146 178
146 234
146 235
146 236
147 233
147 239
147 240
148 29
148 75
148 240
149 32
149 76
150 241
151 78
152 153
152 243
153 83
153 242
154 155
154 244
154 247
154 250
154 255
155 82
155 245
155 248
155 251
155 254
156 246
156 250
156 251
156 252
156 253
157 247
157 248
157 249
158 244
158 245
158 246
159 254
159 256
160 80
160 243
160 255
161 34
161 84
161 256
162 163
162 257
162 260
163 88
163 258
163 259
164 257
164 258
165 259
165 261
166 86
166 260
167 168
167 263
168 92
168 262
169 170
169 247
169 264
169 267
170 91
170 248
170 265
170 266
171 264
171 265
172 266
172 268
173 89
173 263
173 267
174 175
174 269
174 272
174 276
174 279
175 96
175 270
175 273
175 277
175 278
176 271
176 274
176 276
176 277
177 253
177 272
177 273
177 274
177 275
178 269
178 270
178 271
179 180
179 257
179 276
179 281
180 95
180 258
180 277
180 280
181 278
181 280
181 282
182 93
182 260
182 279
182 281
183 38
183 97
183 268
183 282
184 262
184 283
185 100
185 263
186 187
186 269
186 284
186 287
187 105
187 270
187 285
187 286
188 271
188 284
188 285
189 190
189 257
189 284
189 289
190 104
190 258
190 285
190 288
191 259
191 286
191 288
191 290
192 102
192 260
192 287
192 289
193 45
193 106
193 261
193 283
193 290
194 262
194 291
195 109
195 263
196 197
196 269
196 292
196 295
197 114
197 270
197 293
197 294
198 271
198 292
198 293
199 200
199 257
199 292
199 297
200 113
200 258
200 293
200 296
201 259
201 294
201 296
201 298
202 111
202 260
202 295
202 297
203 204
203 269
203 299
203 302
204 118
204 270
204 300
204 301
205 271
205 299
205 300
206 207
206 257
206 299
206 304
207 117
207 258
207 300
207 303
208 259
208 301
208 303
208 305
209 115
209 260
209 302
209 304
210 51
210 119
210 261
210 291
210 298
210 305
211 306
212 307
212 309
212 310
213 139
213 258
213 308
213 309
214 140
214 270
214 307
214 308
215 58
215 122
215 306
215 310
216 138
216 260
216 311
216 312
217 137
217 263
218 131
218 260
218 313
218 314
219 129
219 263
220 143
220 260
220 315
220 316
221 141
221 263
222 317
223 224
223 269
223 314
223 318
224 134
224 270
224 319
224 320
225 271
225 318
225 319
226 227
226 257
226 313
226 318
227 133
227 258
227 319
227 321
228 320
228 321
228 322
229 64
229 135
229 317
229 322
230 214
230 269
230 312
230 323
231 271
231 308
231 323
232 213
232 257
232 311
232 323
233 324
234 235
234 269
234 316
234 325
235 146
235 270
235 326
235 327
236 271
236 325
236 326
237 238
237 257
237 315
237 325
238 145
238 258
238 326
238 328
239 327
239 328
239 329
240 72
240 147
240 324
240 329
241 79
241 150
242 330
243 152
244 245
244 331
244 335
245 158
245 332
245 334
246 331
246 332
246 333
247 248
247 336
247 339
248 157
248 337
248 338
249 336
249 337
250 251
250 331
250 340
250 344
250 347
251 156
251 332
251 341
251 345
251 346
252 333
252 342
252 344
252 345
253 340
253 341
253 342
253 343
254 338
254 346
254 348
255 154
255 335
255 339
255 347
256 81
256 159
256 348
257 258
257 350
258 164
258 349
259 349
259 351
260 162
260 350
261 87
261 165
261 351
262 352
263 167
264 265
264 354
265 171
265 353
266 338
266 355
267 169
267 339
267 354
268 90
268 172
268 355
269 270
269 356
269 359
270 178
270 357
270 358
271 356
271 357
272 273
272 340
272 360
272 363
272 366
273 177
273 341
273 361
273 364
273 365
274 342
274 362
274 363
274 364
275 360
275 361
275 362
276 277
276 356
276 363
276 368
277 176
277 357
277 364
277 367
278 365
278 367
278 369
279 174
279 359
279 366
279 368
280 367
280 370
281 179
281 350
281 368
282 94
282 181
282 369
282 370
283 101
283 184
283 352
284 285
284 356
284 372
285 188
285 357
285 371
286 358
286 371
286 373
287 186
287 359
287 372
288 349
288 371
288 374
289 189
289 350
289 372
290 103
290 191
290 351
290 373
290 374
291 110
291 194
291 352
292 293
292 356
292 376
293 198
293 357
293 375
294 358
294 375
294 377
295 196
295 359
295 376
296 349
296 375
296 378
297 199
297 350
297 376
298 112
298 201
298 351
298 377
298 378
299 300
299 356
299 380
300 205
300 357
300 379
301 358
301 379
301 381
302 203
302 359
302 380
303 349
303 379
303 382
304 206
304 350
304 380
305 116
305 208
305 351
305 381
305 382
306 124
306 211
307 383
307 384
308 231
308 357
308 383
309 383
309 385
310 123
310 212
310 384
310 385
311 232
311 350
311 386
312 230
312 359
312 386
313 226
313 350
313 387
314 223
314 359
314 387
315 237
315 350
315 388
316 234
316 359
316 388
317 130
317 222
318 319
318 356
318 387
319 225
319 357
319 389
320 389
320 390
321 389
321 391
322 132
322 228
322 390
322 391
323 308
323 356
323 386
324 142
324 233
325 326
325 356
325 388
326 236
326 357
326 392
327 392
327 393
328 392
328 394
329 144
329 239
329 393
329 394
330 153
330 242
331 332
331 395
331 398
332 246
332 396
332 397
333 395
333 396
334 397
334 399
335 244
335 398
336 337
336 401
337 249
337 400