102 151
0 1
0 2
0 3
0 4
0 5
0 6
0 7
0 8
1 14
1 34
1 35
1 36
1 37
2 14
2 25
2 31
2 32
2 33
3 14
3 28
3 29
3 30
4 15
4 19
4 26
4 27
5 10
5 16
5 20
5 23
5 24
5 25
6 14
6 19
6 20
6 21
6 22
7 14
7 15
7 16
7 17
7 18
8 9
8 10
8 11
8 12
8 13
8 14
9 38
9 40
9 44
9 49
9 55
9 56
10 39
10 41
10 45
10 50
10 53
10 54
11 47
11 49
11 50
11 51
11 52
12 44
12 45
12 46
12 47
12 48
13 40
13 41
13 42
13 43
14 38
14 39
15 38
15 57
15 62
15 68
15 69
16 39
16 58
16 63
16 66
16 67
17 60
17 62
17 63
17 64
17 65
18 57
18 58
18 59
18 60
18 61
19 38
19 70
19 76
19 82
19 83
20 39
20 71
20 77
20 80
20 81
21 74
21 76
21 77
21 78
21 79
22 70
22 71
22 72
22 73
22 74
22 75
23 53
23 66
23 80
23 84
23 91
24 54
24 67
24 81
24 85
24 88
24 89
24 90
25 39
25 84
25 85
25 86
25 87
26 55
26 68
26 82
26 95
26 96
27 56
27 69
27 83
27 90
27 92
27 93
27 94
30 97
30 98
30 99
30 100
30 101