1559 4075
0 1
0 2
0 3
0 4
0 5
0 6
0 7
0 8
1 14
1 34
1 35
1 36
1 37
2 14
2 25
2 31
2 32
2 33
3 14
3 28
3 29
3 30
4 15
4 19
4 26
4 27
5 10
5 16
5 20
5 23
5 24
5 25
6 14
6 19
6 20
6 21
6 22
7 14
7 15
7 16
7 17
7 18
8 9
8 10
8 11
8 12
8 13
8 14
9 38
9 40
9 44
9 49
9 55
9 56
10 39
10 41
10 45
10 50
10 53
10 54
11 47
11 49
11 50
11 51
11 52
12 44
12 45
12 46
12 47
12 48
13 40
13 41
13 42
13 43
14 38
14 39
15 38
15 57
15 62
15 68
15 69
16 39
16 58
16 63
16 66
16 67
17 60
17 62
17 63
17 64
17 65
18 57
18 58
18 59
18 60
18 61
19 38
19 70
19 76
19 82
19 83
20 39
20 71
20 77
20 80
20 81
21 74
21 76
21 77
21 78
21 79
22 70
22 71
22 72
22 73
22 74
22 75
23 53
23 66
23 80
23 84
23 91
24 54
24 67
24 81
24 85
24 88
24 89
24 90
25 39
25 84
25 85
25 86
25 87
26 55
26 68
26 82
26 95
26 96
27 56
27 69
27 83
27 90
27 92
27 93
27 94
28 38
28 93
28 97
28 103
29 39
29 88
29 98
29 102
30 97
30 98
30 99
30 100
30 101
31 38
31 94
31 95
31 104
31 108
32 86
32 106
32 108
32 109
32 110
33 87
33 104
33 105
33 106
33 107
34 38
34 92
34 111
34 116
34 121
35 39
35 89
35 112
35 117
35 120
36 114
36 116
36 117
36 118
36 119
37 111
37 112
37 113
37 114
37 115
38 124
38 125
39 122
39 123
40 126
40 128
40 135
40 136
41 127
41 129
41 133
41 134
42 128
42 129
42 130
42 131
42 132
43 126
43 127
44 137
44 140
44 144
44 150
44 151
45 138
45 141
45 145
45 148
45 149
46 139
46 144
46 145
46 146
46 147
47 140
47 141
47 142
47 143
48 137
48 138
48 139
49 140
49 152
49 155
49 160
49 161
50 141
50 153
50 156
50 158
50 159
51 147
51 154
51 155
51 156
51 157
52 152
52 153
52 154
53 133
53 148
53 158
53 163
54 123
54 134
54 149
54 159
54 162
55 124
55 135
55 150
55 160
55 164
56 125
56 136
56 151
56 161
56 162
57 165
57 168
57 170
57 176
57 177
58 166
58 169
58 171
58 174
58 175
59 167
59 170
59 171
59 172
59 173
60 143
60 168
60 169
61 165
61 166
61 167
62 168
62 178
62 181
62 186
62 187
63 169
63 179
63 182
63 184
63 185
64 173
64 180
64 181
64 182
64 183
65 178
65 179
65 180
66 122
66 174
66 184
66 189
67 123
67 175
67 185
67 188
68 124
68 176
68 186
68 190
69 125
69 177
69 187
69 188
70 191
70 195
70 197
70 201
70 207
70 208
71 192
71 196
71 198
71 202
71 205
71 206
72 193
72 201
72 202
72 203
72 204
73 194
73 197
73 198
73 199
73 200
74 143
74 195
74 196
75 191
75 192
75 193
75 194
76 195
76 209
76 212
76 217
76 218
77 196
77 210
77 213
77 215
77 216
78 204
78 211
78 212
78 213
78 214
79 209
79 210
79 211
80 122
80 205
80 215
80 220
81 123
81 206
81 216
81 219
82 124
82 207
82 217
82 221
83 125
83 208
83 218
83 219
84 222
84 227
84 232
85 123
85 223
85 228
85 231
86 225
86 227
86 228
86 229
86 230
87 222
87 223
87 224
87 225
87 226
88 123
88 237
88 238
89 123
89 234
89 235
89 236
90 188
90 219
90 233
91 189
91 220
91 233
92 125
92 234
92 242
92 243
93 125
93 237
93 241
94 125
94 231
94 239
94 240
95 124
95 244
95 247
95 248
96 164
96 190
96 221
96 233
96 244
96 245
96 246
97 241
97 249
97 252
97 254
97 259
98 238
98 250
98 253
98 255
98 258
99 251
99 254
99 255
99 256
99 257
100 143
100 252
100 253
101 249
101 250
101 251
102 258
102 260
103 124
103 246
103 259
104 240
104 248
104 261
104 263
104 264
105 224
105 262
105 264
105 265
105 266
106 143
106 225
106 263
107 226
107 261
107 262
108 239
108 247
108 263
108 267
108 269
109 229
109 266
109 268
109 269
109 270
110 230
110 267
110 268
111 243
111 271
111 274
111 276
111 281
112 236
112 272
112 275
112 277
112 280
113 273
113 276
113 277
113 278
113 279
114 143
114 274
114 275
115 271
115 272
115 273
116 242
116 274
116 282
116 285
116 289
117 235
117 275
117 283
117 286
117 288
118 279
118 284
118 285
118 286
118 287
119 282
119 283
119 284
120 280
120 288
120 290
121 124
121 245
121 281
121 289
122 292
123 291
124 293
125 291
126 296
126 297
127 294
127 295
128 298
128 300
128 305
128 311
128 312
129 299
129 301
129 306
129 309
129 310
130 303
130 305
130 306
130 307
130 308
131 300
131 301
131 302
131 303
131 304
132 298
132 299
133 309
133 314
134 295
134 310
134 313
135 296
135 311
135 315
136 297
136 312
136 313
137 316
137 321
137 322
138 317
138 319
138 320
139 316
139 317
139 318
140 323
140 325
140 330
140 331
141 324
141 326
141 328
141 329
142 303
142 325
142 326
142 327
143 323
143 324
144 316
144 332
144 337
144 341
144 342
145 317
145 333
145 338
145 339
145 340
146 318
146 334
146 337
146 338
147 332
147 333
147 334
147 335
147 336
148 328
148 339
148 344
149 320
149 329
149 340
149 343
150 321
150 330
150 341
150 345
151 322
151 331
151 342
151 343
152 346
152 351
152 352
153 347
153 349
153 350
154 346
154 347
154 348
155 332
155 346
155 353
155 357
155 358
156 333
156 347
156 354
156 355
156 356
157 334
157 348
157 353
157 354
158 328
158 355
158 360
159 329
159 350
159 356
159 359
160 330
160 351
160 357
160 361
161 331
161 352
161 358
161 359
162 291
162 313
162 343
162 359
162 362
163 314
163 344
163 360
163 362
164 293
164 315
164 345
164 361
164 362
165 363
165 368
165 369
166 364
166 366
166 367
167 363
167 364
167 365
168 323
168 372
168 373
169 324
169 370
169 371
170 363
170 374
170 377
170 381
170 382
171 364
171 375
171 378
171 379
171 380
172 365
172 376
172 377
172 378
173 336
173 374
173 375
173 376
174 366
174 370
174 379
174 384
175 367
175 371
175 380
175 383
176 368
176 372
176 381
176 385
177 369
177 373
177 382
177 383
178 386
178 391
178 392
179 387
179 389
179 390
180 386
180 387
180 388
181 374
181 386
181 393
181 397
181 398
182 375
182 387
182 394
182 395
182 396
183 376
183 388
183 393
183 394
184 370
184 389
184 395
184 400
185 371
185 390
185 396
185 399
186 372
186 391
186 397
186 401
187 373
187 392
187 398
187 399
188 291
188 383
188 399
188 402
189 292
189 384
189 400
189 402
190 293
190 385
190 401
190 402
191 403
191 406
191 411
191 412
192 404
192 407
192 409
192 410
193 406
193 407
193 408
194 403
194 404
194 405
195 323
195 415
195 416
196 324
196 413
196 414
197 403
197 417
197 420
197 424
197 425
198 404
198 418
198 421
198 422
198 423
199 405
199 419
199 420
199 421
200 336
200 417
200 418
200 419
201 406
201 426
201 429
201 433
201 434
202 407
202 427
202 430
202 431
202 432
203 408
203 428
203 429
203 430
204 336
204 426
204 427
204 428
205 409
205 413
205 422
205 431
205 436
206 410
206 414
206 423
206 432
206 435
207 411
207 415
207 424
207 433
207 437
208 412
208 416
208 425
208 434
208 435
209 438
209 443
209 444
210 439
210 441
210 442
211 438
211 439
211 440
212 426
212 438
212 445
212 449
212 450
213 427
213 439
213 446
213 447
213 448
214 428
214 440
214 445
214 446
215 413
215 441
215 447
215 452
216 414
216 442
216 448
216 451
217 415
217 443
217 449
217 453
218 416
218 444
218 450
218 451
219 291
219 435
219 451
219 454
220 292
220 436
220 452
220 454
221 293
221 437
221 453
221 454
222 458
222 460
222 465
223 456
223 459
223 461
223 464
224 457
224 460
224 461
224 462
224 463
225 324
225 458
225 459
226 455
226 456
226 457
227 458
227 469
227 473
228 459
228 467
228 470
228 472
229 463
229 468
229 469
229 470
229 471
230 466
230 467
230 468
231 291
231 464
231 472
231 474
232 465
232 473
232 474
233 362
233 402
233 454
233 474
234 291
234 475
234 479
234 482
235 477
235 479
235 480
235 481
236 475
236 476
236 477
236 478
237 291
237 483
237 487
238 483
238 484
238 485
238 486
239 472
239 489
239 491
239 492
240 464
240 488
240 489
240 490
241 483
241 493
241 494
241 495
242 479
242 497
242 499
242 500
243 475
243 496
243 497
243 498
244 293
244 474
244 504
244 505
245 293
245 482
245 502
245 503
246 293
246 487
246 501
247 504
247 507
247 509
247 510
248 505
248 506
248 507
248 508
249 495
249 511
249 515
250 486
250 512
250 514
251 511
251 512
251 513
252 323
252 494
252 517
253 324
253 485
253 516
254 493
254 511
254 518
254 521
254 524
255 484
255 512
255 519
255 522
255 523
256 513
256 520
256 521
256 522
257 336
257 518
257 519
257 520
258 516
258 523
258 525
259 501
259 515
259 517
259 524
260 487
260 525
261 490
261 508
261 526
262 457
262 526
262 527
263 323
263 489
263 507
264 488
264 506
264 526
264 528
264 530
265 462
265 527
265 529
265 530
266 336
266 463
266 528
266 529
267 492
267 510
267 531
268 468
268 531
268 532
269 491
269 509
269 528
269 531
269 533
270 471
270 529
270 532
270 533
271 498
271 534
271 538
272 478
272 535
272 537
273 534
273 535
273 536
274 323
274 497
274 540
275 324
275 477
275 539
276 496
276 534
276 541
276 544
276 547
277 476
277 535
277 542
277 545
277 546
278 536
278 543
278 544
278 545
279 336
279 541
279 542
279 543
280 539
280 546
280 548
281 503
281 538
281 540
281 547
282 500
282 549
282 553
283 481
283 550
283 552
284 549
284 550
284 551
285 499
285 541
285 549
285 554
285 557
286 480
286 542
286 550
286 555
286 556
287 543
287 551
287 554
287 555
288 539
288 556
288 558
289 502
289 540
289 553
289 557
290 482
290 548
290 558
291 559
292 559
293 559
294 561
295 560
296 562
297 560
298 565
298 566
299 563
299 564
300 567
300 570
300 573
300 579
300 580
301 568
301 571
301 574
301 577
301 578
302 569
302 573
302 574
302 575
302 576
303 570
303 571
303 572
304 567
304 568
304 569
305 570
305 581
305 584
305 589
305 590
306 571
306 582
306 585
306 587
306 588
307 576
307 583
307 584
307 585
307 586
308 581
308 582
308 583
309 577
309 587
309 592
310 564
310 578
310 588
310 591
311 565
311 579
311 589
311 593
312 566
312 580
312 590
312 591
313 560
313 591
313 594
314 592
314 594
315 562
315 593
315 594
316 595
316 599
316 600
317 596
317 597
317 598
318 595
318 596
319 597
319 602
320 598
320 601
321 599
321 603
322 600
322 601
323 606
323 607
324 604
324 605
325 570
325 608
325 612
325 613
326 571
326 609
326 610
326 611
327 608
327 609
328 610
328 615
329 605
329 611
329 614
330 606
330 612
330 616
331 607
331 613
331 614
332 617
332 620
332 624
332 628
332 629
333 618
333 621
333 625
333 626
333 627
334 619
334 622
334 624
334 625
335 576
335 620
335 621
335 622
335 623
336 617
336 618
336 619
337 595
337 624
337 632
337 633
338 596
338 625
338 630
338 631
339 626
339 630
339 635
340 598
340 627
340 631
340 634
341 599
341 628
341 632
341 636
342 600
342 629
342 633
342 634
343 601
343 614
343 634
343 637
344 615
344 635
344 637
345 603
345 616
345 636
345 637
346 638
346 642
346 643
347 639
347 640
347 641
348 638
348 639
349 640
349 645
350 641
350 644
351 642
351 646
352 643
352 644
353 624
353 638
353 649
353 650
354 625
354 639
354 647
354 648
355 626
355 647
355 652
356 627
356 641
356 648
356 651
357 628
357 642
357 649
357 653
358 629
358 643
358 650
358 651
359 614
359 644
359 651
359 654
360 615
360 652
360 654
361 616
361 646
361 653
361 654
362 559
362 594
362 637
362 654
363 655
363 659
363 660
364 656
364 657
364 658
365 655
365 656
366 657
366 662
367 658
367 661
368 659
368 663
369 660
369 661
370 604
370 665
371 605
371 664
372 606
372 666
373 607
373 664
374 617
374 667
374 671
374 672
375 618
375 668
375 669
375 670
376 619
376 667
376 668
377 655
377 667
377 675
377 676
378 656
378 668
378 673
378 674
379 657
379 669
379 673
379 678
380 658
380 670
380 674
380 677
381 659
381 671
381 675
381 679
382 660
382 672
382 676
382 677
383 661
383 664
383 677
383 680
384 662
384 665
384 678
384 680
385 663
385 666
385 679
385 680
386 681
386 685
386 686
387 682
387 683
387 684
388 681
388 682
389 683
389 688
390 684
390 687
391 685
391 689
392 686
392 687
393 667
393 681
393 692
393 693
394 668
394 682
394 690
394 691
395 669
395 683
395 690
395 695
396 670
396 684
396 691
396 694
397 671
397 685
397 692
397 696
398 672
398 686
398 693
398 694
399 664
399 687
399 694
399 697
400 665
400 688
400 695
400 697
401 666
401 689
401 696
401 697
402 559
402 680
402 697
403 698
403 702
403 703
404 699
404 700
404 701
405 698
405 699
406 704
406 708
406 709
407 705
407 706
407 707
408 704
408 705
409 700
409 706
409 711
410 701
410 707
410 710
411 702
411 708
411 712
412 703
412 709
412 710
413 604
413 714
414 605
414 713
415 606
415 715
416 607
416 713
417 617
417 716
417 720
417 721
418 618
418 717
418 718
418 719
419 619
419 716
419 717
420 698
420 716
420 724
420 725
421 699
421 717
421 722
421 723
422 700
422 718
422 722
422 727
423 701
423 719
423 723
423 726
424 702
424 720
424 724
424 728
425 703
425 721
425 725
425 726
426 617
426 729
426 733
426 734
427 618
427 730
427 731
427 732
428 619
428 729
428 730
429 704
429 729
429 737
429 738
430 705
430 730
430 735
430 736
431 706
431 731
431 735
431 740
432 707
432 732
432 736
432 739
433 708
433 733
433 737
433 741
434 709
434 734
434 738
434 739
435 710
435 713
435 726
435 739
435 742
436 711
436 714
436 727
436 740
436 742
437 712
437 715
437 728
437 741
437 742
438 743
438 747
438 748
439 744
439 745
439 746
440 743
440 744
441 745
441 750
442 746
442 749
443 747
443 751
444 748
444 749
445 729
445 743
445 754
445 755
446 730
446 744
446 752
446 753
447 731
447 745
447 752
447 757
448 732
448 746
448 753
448 756
449 733
449 747
449 754
449 758
450 734
450 748
450 755
450 756
451 713
451 749
451 756
451 759
452 714
452 750
452 757
452 759
453 715
453 751
453 758
453 759
454 559
454 742
454 759
455 760
455 764
456 761
456 763
457 760
457 761
457 762
458 766
459 605
459 765
460 767
460 770
460 773
461 761
461 768
461 771
461 772
462 762
462 769
462 770
462 771
463 618
463 767
463 768
463 769
464 763
464 765
464 772
464 774
465 766
465 773
465 774
466 775
466 779
467 776
467 778
468 775
468 776
468 777
469 767
469 780
469 783
470 768
470 776
470 781
470 782
471 769
471 777
471 780
471 781
472 765
472 778
472 782
472 784
473 766
473 783
473 784
474 559
474 774
474 784
475 785
475 787
475 788
475 791
476 786
476 788
476 789
476 790
477 605
477 787
478 785
478 786
479 787
479 792
479 794
479 796
480 790
480 793
480 794
480 795
481 792
481 793
482 559
482 791
482 796
483 797
483 799
483 800
483 803
484 798
484 800
484 801
484 802
485 605
485 799
486 797
486 798
487 559
487 803
488 772
488 804
488 805
488 806
489 607
489 765
490 763
490 804
491 782
491 806
491 807
491 808
492 778
492 807
493 800
493 809
493 810
493 811
494 607
494 799
495 797
495 809
496 788
496 812
496 813
496 814
497 607
497 787
498 785
498 812
499 794
499 814
499 815
499 816
500 792
500 815
501 803
501 817
501 818
501 819
502 796
502 821
502 823
502 824
503 791
503 820
503 821
503 822
504 784
504 826
504 828
504 829
505 774
505 825
505 826
505 827
506 825
506 830
506 831
506 832
507 606
507 826
508 827
508 830
509 828
509 832
509 833
509 834
510 829
510 833
511 809
511 835
511 838
512 798
512 836
512 837
513 835
513 836
514 837
514 839
515 819
515 838
516 840
517 606
517 818
518 617
518 811
518 841
518 844
519 618
519 802
519 842
519 843
520 619
520 841
520 842
521 810
521 835
521 841
521 846
522 801
522 836
522 842
522 845
523 843
523 845
523 847
524 817
524 838
524 844
524 846
525 803
525 840
525 847
526 804
526 830
526 848
527 762
527 848
528 617
528 806
528 832
528 849
529 619
529 769
529 849
530 805
530 831
530 848
530 849
531 807
531 833
531 850
532 777
532 850
533 808
533 834
533 849
533 850
534 812
534 851
534 854
535 786
535 852
535 853
536 851
536 852
537 853
537 855
538 822
538 854
539 856
540 606
540 821
541 617
541 814
541 857
541 860
542 618
542 790
542 858
542 859
543 619
543 857
543 858
544 813
544 851
544 857
544 862
545 789
545 852
545 858
545 861
546 859
546 861
546 863
547 820
547 854
547 860
547 862
548 791
548 856
548 863
549 815
549 864
549 867
550 793
550 865
550 866
551 864
551 865
552 866
552 868
553 824
553 867
554 816
554 857
554 864
554 870
555 795
555 858
555 865
555 869
556 859
556 869
556 871
557 823
557 860
557 867
557 870
558 796
558 856
558 871
559 872
559 873
559 874
559 875
560 876
561 876
562 876
563 878
564 877
565 879
566 877
567 880
567 885
567 886
568 881
568 883
568 884
569 880
569 881
569 882
570 887
570 891
570 892
571 888
571 889
571 890
572 887
572 888
573 880
573 893
573 897
573 901
573 902
574 881
574 894
574 898
574 899
574 900
575 882
575 895
575 897
575 898
576 893
576 894
576 895
576 896
577 889
577 899
577 904
578 884
578 890
578 900
578 903
579 885
579 891
579 901
579 905
580 886
580 892
580 902
580 903
581 906
581 911
581 912
582 907
582 909
582 910
583 906
583 907
583 908
584 893
584 906
584 913
584 917
584 918
585 894
585 907
585 914
585 915
585 916
586 895
586 908
586 913
586 914
587 889
587 915
587 920
588 890
588 910
588 916
588 919
589 891
589 911
589 917
589 921
590 892
590 912
590 918
590 919
591 877
591 903
591 919
591 922
592 904
592 920
592 922
593 879
593 905
593 921
593 922
594 876
594 922
595 925
595 926
596 923
596 924
597 923
597 928
598 924
598 927
599 925
599 929
600 926
600 927
601 927
601 930
602 928
602 930
603 929
603 930
604 932
605 931
606 933
607 931
608 936
608 937
609 934
609 935
610 889
610 939
611 890
611 935
611 938
612 891
612 936
612 940
613 892
613 937
613 938
614 931
614 938
614 941
615 939
615 941
616 933
616 940
616 941
617 942
617 946
617 947
618 943
618 944
618 945
619 942
619 943
620 893
620 948
620 951
620 955
620 956
621 894
621 949
621 952
621 953
621 954
622 895
622 950
622 951
622 952
623 948
623 949
623 950
624 942
624 951
624 959
624 960
625 943
625 952
625 957
625 958
626 953
626 957
626 962
627 945
627 954
627 958
627 961
628 946
628 955
628 959
628 963
629 947
629 956
629 960
629 961
630 957
630 965
631 924
631 958
631 964
632 925
632 959
632 966
633 926
633 960
633 964
634 927
634 961
634 964
634 967
635 962
635 965
635 967
636 929
636 963
636 966
636 967
637 930
637 941
637 967
638 970
638 971
639 968
639 969
640 968
640 973
641 969
641 972
642 970
642 974
643 971
643 972
644 972
644 975
645 973
645 975
646 974
646 975
647 957
647 977
648 958
648 969
648 976
649 959
649 970
649 978
650 960
650 971
650 976
651 961
651 972
651 976
651 979
652 962
652 977
652 979
653 963
653 974
653 978
653 979
654 941
654 975
654 979
655 982
655 983
656 980
656 981
657 980
657 985
658 981
658 984
659 982
659 986
660 983
660 984
661 984
661 987
662 985
662 987
663 986
663 987
664 931
664 988
665 932
665 988
666 933
666 988
667 942
667 991
667 992
668 943
668 989
668 990
669 944
669 989
669 994
670 945
670 990
670 993
671 946
671 991
671 995
672 947
672 992
672 993
673 980
673 989
673 997
674 981
674 990
674 996
675 982
675 991
675 998
676 983
676 992
676 996
677 984
677 993
677 996
677 999
678 985
678 994
678 997
678 999
679 986
679 995
679 998
679 999
680 987
680 988
680 999
681 1002
681 1003
682 1000
682 1001
683 1000
683 1005
684 1001
684 1004
685 1002
685 1006
686 1003
686 1004
687 1004
687 1007
688 1005
688 1007
689 1006
689 1007
690 989
690 1000
690 1009
691 990
691 1001
691 1008
692 991
692 1002
692 1010
693 992
693 1003
693 1008
694 993
694 1004
694 1008
694 1011
695 994
695 1005
695 1009
695 1011
696 995
696 1006
696 1010
696 1011
697 988
697 1007
697 1011
698 1014
698 1015
699 1012
699 1013
700 1012
700 1017
701 1013
701 1016
702 1014
702 1018
703 1015
703 1016
704 1021
704 1022
705 1019
705 1020
706 1019
706 1024
707 1020
707 1023
708 1021
708 1025
709 1022
709 1023
710 1016
710 1023
710 1026
711 1017
711 1024
711 1026
712 1018
712 1025
712 1026
713 931
713 1027
714 932
714 1027
715 933
715 1027
716 942
716 1030
716 1031
717 943
717 1028
717 1029
718 944
718 1028
718 1033
719 945
719 1029
719 1032
720 946
720 1030
720 1034
721 947
721 1031
721 1032
722 1012
722 1028
722 1036
723 1013
723 1029
723 1035
724 1014
724 1030
724 1037
725 1015
725 1031
725 1035
726 1016
726 1032
726 1035
726 1038
727 1017
727 1033
727 1036
727 1038
728 1018
728 1034
728 1037
728 1038
729 942
729 1041
729 1042
730 943
730 1039
730 1040
731 944
731 1039
731 1044
732 945
732 1040
732 1043
733 946
733 1041
733 1045
734 947
734 1042
734 1043
735 1019
735 1039
735 1047
736 1020
736 1040
736 1046
737 1021
737 1041
737 1048
738 1022
738 1042
738 1046
739 1023
739 1043
739 1046
739 1049
740 1024
740 1044
740 1047
740 1049
741 1025
741 1045
741 1048
741 1049
742 1026
742 1027
742 1038
742 1049
743 1052
743 1053
744 1050
744 1051
745 1050
745 1055
746 1051
746 1054
747 1052
747 1056
748 1053
748 1054
749 1054
749 1057
750 1055
750 1057
751 1056
751 1057
752 1039
752 1050
752 1059
753 1040
753 1051
753 1058
754 1041
754 1052
754 1060
755 1042
755 1053
755 1058
756 1043
756 1054
756 1058
756 1061
757 1044
757 1055
757 1059
757 1061
758 1045
758 1056
758 1060
758 1061
759 1027
759 1057
759 1061
760 1062
760 1065
761 1063
761 1064
762 1062
762 1063
763 1064
763 1066
764 1065
764 1066
765 931
765 1067
766 1067
767 1068
767 1071
768 945
768 1069
768 1070
769 943
769 1068
769 1069
770 1068
770 1073
771 1063
771 1069
771 1072
772 1064
772 1070
772 1072
772 1074
773 1071
773 1073
773 1074
774 1066
774 1067
774 1074
775 1075
775 1078
776 1076
776 1077
777 1075
777 1076
778 1077
778 1079
779 1078
779 1079
780 1068
780 1081
781 1069
781 1076
781 1080
782 1070
782 1077
782 1080
782 1082
783 1071
783 1081
783 1082
784 1067
784 1079
784 1082
785 1083
785 1085
786 1083
786 1084
787 931
787 1086
788 1083
788 1087
788 1089
788 1090
789 1084
789 1088
789 1089
790 945
790 1087
790 1088
791 1085
791 1086
791 1090
792 1091
792 1093
793 1091
793 1092
794 1087
794 1091
794 1094
794 1095
795 1088
795 1092
795 1094
796 1086
796 1093
796 1095
797 1096
797 1098
798 1096
798 1097
799 931
799 1099
800 1096
800 1100
800 1102
800 1103
801 1097
801 1101
801 1102
802 945
802 1100
802 1101
803 1098
803 1099
803 1103
804 1064
804 1104
805 1072
805 1104
805 1105
806 947
806 1070
806 1105
807 1077
807 1106
808 1080
808 1105
808 1106
809 1096
809 1107
810 1102
810 1107
810 1108
811 947
811 1100
811 1108
812 1083
812 1109
813 1089
813 1109
813 1110
814 947
814 1087
814 1110
815 1091
815 1111
816 1094
816 1110
816 1111
817 1103
817 1112
817 1113
817 1114
818 933
818 1099
819 1098
819 1112
820 1090
820 1115
820 1116
820 1117
821 933
821 1086
822 1085
822 1115
823 1095
823 1117
823 1118
823 1119
824 1093
824 1118
825 1074
825 1120
825 1121
825 1122
826 933
826 1067
827 1066
827 1120
828 1082
828 1122
828 1123
828 1124
829 1079
829 1123
830 1120
830 1125
831 1121
831 1125
831 1126
832 946
832 1122
832 1126
833 1123
833 1127
834 1124
834 1126
834 1127
835 1107
835 1129
836 1097
836 1128
837 1128
837 1130
838 1112
838 1129
839 1098
839 1130
840 1099
841 942
841 1108
841 1132
842 943
842 1101
842 1131
843 1131
843 1133
844 946
844 1114
844 1132
845 1131
845 1134
846 1113
846 1129
846 1132
847 1103
847 1133
847 1134
848 1104
848 1125
849 942
849 1105
849 1126
850 1106
850 1127
851 1109
851 1136
852 1084
852 1135
853 1135
853 1137
854 1115
854 1136
855 1085
855 1137
856 1086
857 942
857 1110
857 1139
858 943
858 1088
858 1138
859 1138
859 1140
860 946
860 1117
860 1139
861 1138
861 1141
862 1116
862 1136
862 1139
863 1090
863 1140
863 1141
864 1111
864 1143
865 1092
865 1142
866 1142
866 1144
867 1118
867 1143
868 1093
868 1144
869 1138
869 1145
870 1119
870 1139
870 1143
871 1095
871 1140
871 1145
872 1152
872 1153
873 1150
873 1151
874 1149
875 1146
875 1147
875 1148
876 1148
876 1154
876 1155
876 1156
877 1157
878 1157
879 1157
880 1158
880 1162
880 1163
881 1159
881 1160
881 1161
882 1158
882 1159
883 1160
883 1165
884 1161
884 1164
885 1162
885 1166
886 1163
886 1164
887 1169
887 1170
888 1167
888 1168
889 1172
890 1168
890 1171
891 1169
891 1173
892 1170
892 1171
893 1174
893 1177
893 1181
893 1182
894 1175
894 1178
894 1179
894 1180
895 1176
895 1177
895 1178
896 1174
896 1175
896 1176
897 1158
897 1177
897 1185
897 1186
898 1159
898 1178
898 1183
898 1184
899 1179
899 1183
899 1188
900 1161
900 1180
900 1184
900 1187
901 1162
901 1181
901 1185
901 1189
902 1163
902 1182
902 1186
902 1187
903 1164
903 1171
903 1187
903 1190
904 1172
904 1188
904 1190
905 1166
905 1173
905 1189
905 1190
906 1191
906 1195
906 1196
907 1192
907 1193
907 1194
908 1191
908 1192
909 1193
909 1198
910 1194
910 1197
911 1195
911 1199
912 1196
912 1197
913 1177
913 1191
913 1202
913 1203
914 1178
914 1192
914 1200
914 1201
915 1179
915 1200
915 1205
916 1180
916 1194
916 1201
916 1204
917 1181
917 1195
917 1202
917 1206
918 1182
918 1196
918 1203
918 1204
919 1171
919 1197
919 1204
919 1207
920 1172
920 1205
920 1207
921 1173
921 1199
921 1206
921 1207
922 1157
922 1190
922 1207
923 1209
924 1208
925 1210
926 1208
927 1208
927 1211
928 1209
928 1211
929 1210
929 1211
930 1211
931 1212
932 1212
933 1212
934 1214
935 1213
936 1215
937 1213
938 1171
938 1213
938 1216
939 1172
939 1216
940 1173
940 1215
940 1216
941 1212
941 1216
942 1219
942 1220
943 1217
943 1218
944 1217
944 1222
945 1218
945 1221
946 1219
946 1223
947 1220
947 1221
948 1224
948 1228
948 1229
949 1225
949 1226
949 1227
950 1224
950 1225
951 1177
951 1224
951 1232
951 1233
952 1178
952 1225
952 1230
952 1231
953 1179
953 1230
953 1235
954 1180
954 1227
954 1231
954 1234
955 1181
955 1228
955 1232
955 1236
956 1182
956 1229
956 1233
956 1234
957 1230
957 1238
958 1218
958 1231
958 1237
959 1219
959 1232
959 1239
960 1220
960 1233
960 1237
961 1221
961 1234
961 1237
961 1240
962 1235
962 1238
962 1240
963 1223
963 1236
963 1239
963 1240
964 1208
964 1237
964 1241
965 1238
965 1241
966 1210
966 1239
966 1241
967 1211
967 1240
967 1241
968 1243
969 1242
970 1244
971 1242
972 1242
972 1245
973 1243
973 1245
974 1244
974 1245
975 1245
976 1237
976 1242
976 1246
977 1238
977 1246
978 1239
978 1244
978 1246
979 1240
979 1245
979 1246
980 1248
981 1247
982 1249
983 1247
984 1247
984 1250
985 1248
985 1250
986 1249
986 1250
987 1250
988 1212
989 1217
989 1252
990 1218
990 1251
991 1219
991 1253
992 1220
992 1251
993 1221
993 1251
993 1254
994 1222
994 1252
994 1254
995 1223
995 1253
995 1254
996 1247
996 1251
996 1255
997 1248
997 1252
997 1255
998 1249
998 1253
998 1255
999 1250
999 1254
999 1255
1000 1257
1001 1256
1002 1258
1003 1256
1004 1256
1004 1259
1005 1257
1005 1259
1006 1258
1006 1259
1007 1259
1008 1251
1008 1256
1008 1260
1009 1252
1009 1257
1009 1260
1010 1253
1010 1258
1010 1260
1011 1254
1011 1259
1011 1260
1012 1262
1013 1261
1014 1263
1015 1261
1016 1261
1016 1264
1017 1262
1017 1264
1018 1263
1018 1264
1019 1266
1020 1265
1021 1267
1022 1265
1023 1265
1023 1268
1024 1266
1024 1268
1025 1267
1025 1268
1026 1264
1026 1268
1027 1212
1028 1217
1028 1270
1029 1218
1029 1269
1030 1219
1030 1271
1031 1220
1031 1269
1032 1221
1032 1269
1032 1272
1033 1222
1033 1270
1033 1272
1034 1223
1034 1271
1034 1272
1035 1261
1035 1269
1035 1273
1036 1262
1036 1270
1036 1273
1037 1263
1037 1271
1037 1273
1038 1264
1038 1272
1038 1273
1039 1217
1039 1275
1040 1218
1040 1274
1041 1219
1041 1276
1042 1220
1042 1274
1043 1221
1043 1274
1043 1277
1044 1222
1044 1275
1044 1277
1045 1223
1045 1276
1045 1277
1046 1265
1046 1274
1046 1278
1047 1266
1047 1275
1047 1278
1048 1267
1048 1276
1048 1278
1049 1268
1049 1277
1049 1278
1050 1280
1051 1279
1052 1281
1053 1279
1054 1279
1054 1282
1055 1280
1055 1282
1056 1281
1056 1282
1057 1282
1058 1274
1058 1279
1058 1283
1059 1275
1059 1280
1059 1283
1060 1276
1060 1281
1060 1283
1061 1277
1061 1282
1061 1283
1062 1285
1063 1284
1064 1284
1064 1286
1065 1285
1065 1286
1066 1286
1067 1212
1068 1288
1069 1218
1069 1287
1070 1221
1070 1287
1070 1289
1071 1288
1071 1289
1072 1284
1072 1287
1072 1290
1073 1288
1073 1290
1074 1286
1074 1289
1074 1290
1075 1292
1076 1291
1077 1291
1077 1293
1078 1292
1078 1293
1079 1293
1080 1287
1080 1291
1080 1294
1081 1288
1081 1294
1082 1289
1082 1293
1082 1294
1083 1295
1083 1296
1084 1295
1085 1296
1086 1212
1087 1221
1087 1297
1087 1298
1088 1218
1088 1297
1089 1295
1089 1297
1089 1299
1090 1296
1090 1298
1090 1299
1091 1300
1091 1301
1092 1300
1093 1301
1094 1297
1094 1300
1094 1302
1095 1298
1095 1301
1095 1302
1096 1303
1096 1304
1097 1303
1098 1304
1099 1212
1100 1221
1100 1305
1100 1306
1101 1218
1101 1305
1102 1303
1102 1305
1102 1307
1103 1304
1103 1306
1103 1307
1104 1284
1105 1220
1105 1287
1106 1291
1107 1303
1108 1220
1108 1305
1109 1295
1110 1220
1110 1297
1111 1300
1112 1304
1112 1308
1113 1307
1113 1308
1113 1309
1114 1223
1114 1306
1114 1309
1115 1296
1115 1310
1116 1299
1116 1310
1116 1311
1117 1223
1117 1298
1117 1311
1118 1301
1118 1312
1119 1302
1119 1311
1119 1312
1120 1286
1120 1313
1121 1290
1121 1313
1121 1314
1122 1223
1122 1289
1122 1314
1123 1293
1123 1315
1124 1294
1124 1314
1124 1315
1125 1313
1126 1219
1126 1314
1127 1315
1128 1316
1129 1308
1130 1304
1130 1316
1131 1317
1132 1219
1132 1309
1133 1306
1133 1317
1134 1307
1134 1317
1135 1318
1136 1310
1137 1296
1137 1318
1138 1319
1139 1219
1139 1311
1140 1298
1140 1319
1141 1299
1141 1319
1142 1320
1143 1312
1144 1301
1144 1320
1145 1302
1145 1319
1146 1323
1146 1324
1147 1322
1147 1323
1148 1321
1149 1325
1149 1326
1150 1328
1150 1329
1151 1327
1151 1328
1152 1331
1152 1332
1153 1330
1153 1331
1157 1321
1157 1333
1157 1334
1157 1335
1158 1338
1158 1339
1159 1336
1159 1337
1160 1336
1160 1341
1161 1337
1161 1340
1162 1338
1162 1342
1163 1339
1163 1340
1164 1340
1164 1343
1165 1341
1165 1343
1166 1342
1166 1343
1167 1345
1168 1344
1169 1346
1170 1344
1171 1344
1171 1347
1172 1347
1173 1346
1173 1347
1174 1348
1174 1352
1174 1353
1175 1349
1175 1350
1175 1351
1176 1348
1176 1349
1177 1348
1177 1356
1177 1357
1178 1349
1178 1354
1178 1355
1179 1354
1179 1359
1180 1351
1180 1355
1180 1358
1181 1352
1181 1356
1181 1360
1182 1353
1182 1357
1182 1358
1183 1354
1183 1362
1184 1337
1184 1355
1184 1361
1185 1338
1185 1356
1185 1363
1186 1339
1186 1357
1186 1361
1187 1340
1187 1358
1187 1361
1187 1364
1188 1359
1188 1362
1188 1364
1189 1342
1189 1360
1189 1363
1189 1364
1190 1343
1190 1347
1190 1364
1191 1367
1191 1368
1192 1365
1192 1366
1193 1365
1193 1370
1194 1366
1194 1369
1195 1367
1195 1371
1196 1368
1196 1369
1197 1369
1197 1372
1198 1370
1198 1372
1199 1371
1199 1372
1200 1354
1200 1374
1201 1355
1201 1366
1201 1373
1202 1356
1202 1367
1202 1375
1203 1357
1203 1368
1203 1373
1204 1358
1204 1369
1204 1373
1204 1376
1205 1359
1205 1374
1205 1376
1206 1360
1206 1371
1206 1375
1206 1376
1207 1347
1207 1372
1207 1376
1208 1377
1209 1377
1210 1377
1211 1377
1212 1323
1212 1326
1212 1328
1212 1331
1213 1378
1214 1378
1215 1378
1216 1347
1216 1378
1217 1380
1218 1379
1219 1381
1220 1379
1221 1379
1221 1382
1222 1380
1222 1382
1223 1381
1223 1382
1224 1385
1224 1386
1225 1383
1225 1384
1226 1383
1226 1388
1227 1384
1227 1387
1228 1385
1228 1389
1229 1386
1229 1387
1230 1354
1230 1391
1231 1355
1231 1384
1231 1390
1232 1356
1232 1385
1232 1392
1233 1357
1233 1386
1233 1390
1234 1358
1234 1387
1234 1390
1234 1393
1235 1359
1235 1391
1235 1393
1236 1360
1236 1389
1236 1392
1236 1393
1237 1379
1237 1390
1237 1394
1238 1391
1238 1394
1239 1381
1239 1392
1239 1394
1240 1382
1240 1393
1240 1394
1241 1377
1241 1394
1242 1395
1243 1395
1244 1395
1245 1395
1246 1394
1246 1395
1247 1396
1248 1396
1249 1396
1250 1396
1251 1379
1251 1397
1252 1380
1252 1397
1253 1381
1253 1397
1254 1382
1254 1397
1255 1396
1255 1397
1256 1398
1257 1398
1258 1398
1259 1398
1260 1397
1260 1398
1261 1399
1262 1399
1263 1399
1264 1399
1265 1400
1266 1400
1267 1400
1268 1400
1269 1379
1269 1401
1270 1380
1270 1401
1271 1381
1271 1401
1272 1382
1272 1401
1273 1399
1273 1401
1274 1379
1274 1402
1275 1380
1275 1402
1276 1381
1276 1402
1277 1382
1277 1402
1278 1400
1278 1402
1279 1403
1280 1403
1281 1403
1282 1403
1283 1402
1283 1403
1284 1404
1285 1404
1286 1404
1287 1379
1287 1405
1288 1405
1289 1382
1289 1405
1290 1404
1290 1405
1291 1406
1292 1406
1293 1406
1294 1405
1294 1406
1295 1407
1296 1407
1297 1379
1297 1408
1298 1382
1298 1408
1299 1407
1299 1408
1300 1409
1301 1409
1302 1408
1302 1409
1303 1410
1304 1410
1305 1379
1305 1411
1306 1382
1306 1411
1307 1410
1307 1411
1308 1410
1309 1381
1309 1411
1310 1407
1311 1381
1311 1408
1312 1409
1313 1404
1314 1381
1314 1405
1315 1406
1316 1410
1317 1411
1318 1407
1319 1408
1320 1409
1321 1412
1321 1413
1322 1415
1322 1416
1323 1414
1324 1416
1324 1417
1325 1418
1325 1419
1327 1420
1327 1421
1329 1421
1329 1422
1330 1423
1330 1424
1332 1424
1332 1425
1333 1429
1333 1430
1334 1428
1335 1426
1335 1427
1336 1432
1337 1431
1338 1433
1339 1431
1340 1431
1340 1434
1341 1432
1341 1434
1342 1433
1342 1434
1343 1434
1344 1435
1345 1435
1346 1435
1347 1435
1348 1438
1348 1439
1349 1436
1349 1437
1350 1436
1350 1441
1351 1437
1351 1440
1352 1438
1352 1442
1353 1439
1353 1440
1354 1444
1355 1437
1355 1443
1356 1438
1356 1445
1357 1439
1357 1443
1358 1440
1358 1443
1358 1446
1359 1444
1359 1446
1360 1442
1360 1445
1360 1446
1361 1431
1361 1443
1361 1447
1362 1444
1362 1447
1363 1433
1363 1445
1363 1447
1364 1434
1364 1446
1364 1447
1365 1449
1366 1448
1367 1450
1368 1448
1369 1448
1369 1451
1370 1449
1370 1451
1371 1450
1371 1451
1372 1451
1373 1443
1373 1448
1373 1452
1374 1444
1374 1452
1375 1445
1375 1450
1375 1452
1376 1446
1376 1451
1376 1452
1377 1415
1377 1453
1377 1454
1377 1455
1377 1456
1378 1414
1378 1457
1378 1458
1378 1459
1379 1460
1380 1460
1381 1460
1382 1460
1383 1462
1384 1461
1385 1463
1386 1461
1387 1461
1387 1464
1388 1462
1388 1464
1389 1463
1389 1464
1390 1443
1390 1461
1390 1465
1391 1444
1391 1465
1392 1445
1392 1463
1392 1465
1393 1446
1393 1464
1393 1465
1394 1460
1394 1465
1395 1417
1395 1466
1395 1467
1395 1468
1395 1469
1396 1470
1396 1471
1396 1472
1396 1473
1397 1460
1398 1474
1398 1475
1398 1476
1398 1477
1399 1478
1399 1479
1399 1480
1399 1481
1400 1482
1400 1483
1400 1484
1400 1485
1401 1460
1402 1460
1403 1486
1403 1487
1403 1488
1403 1489
1404 1423
1404 1490
1404 1491
1404 1492
1405 1460
1406 1425
1406 1493
1406 1494
1406 1495
1407 1420
1407 1496
1407 1497
1407 1498
1407 1499
1408 1460
1409 1422
1409 1500
1409 1501
1409 1502
1409 1503
1410 1418
1410 1504
1410 1505
1410 1506
1411 1460
1412 1508
1412 1509
1413 1507
1413 1508
1414 1508
1415 1510
1416 1510
1416 1511
1417 1510
1418 1512
1419 1512
1420 1513
1421 1513
1422 1513
1423 1514
1424 1514
1425 1514
1426 1516
1426 1517
1427 1515
1427 1516
1428 1518
1428 1519
1429 1521
1429 1522
1430 1520
1430 1521
1431 1523
1432 1523
1433 1523
1434 1523
1435 1508
1435 1516
1435 1519
1435 1521
1436 1525
1437 1524
1438 1526
1439 1524
1440 1524
1440 1527
1441 1525
1441 1527
1442 1526
1442 1527
1443 1524
1443 1528
1444 1528
1445 1526
1445 1528
1446 1527
1446 1528
1447 1523
1447 1528
1448 1529
1449 1529
1450 1529
1451 1529
1452 1528
1452 1529
1460 1510
1460 1512
1460 1513
1460 1514
1461 1530
1462 1530
1463 1530
1464 1530
1465 1528
1465 1530
1507 1531
1507 1532
1509 1532
1509 1533
1510 1534
1511 1532
1511 1534
1515 1535
1515 1536
1517 1536
1517 1537
1518 1538
1518 1539
1520 1540
1520 1541
1522 1541
1522 1542
1523 1531
1523 1543
1523 1544
1523 1545
1523 1546
1524 1547
1525 1547
1526 1547
1527 1547
1528 1547
1529 1533
1529 1548
1529 1549
1529 1550
1529 1551
1530 1534
1530 1552
1530 1553
1530 1554
1531 1555
1532 1555
1533 1555
1534 1555
1535 1556
1536 1556
1537 1556
1538 1557
1539 1557
1540 1558
1541 1558
1542 1558
1547 1555
1547 1556
1547 1557
1547 1558