1004 3399
0 0
0 1
0 2
0 3
0 4
0 5
0 6
0 7
0 8
0 9
0 10
0 11
0 12
0 13
0 14
0 15
0 16
0 17
0 18
0 19
0 20
0 21
0 22
0 23
0 24
0 25
0 26
0 27
0 28
0 29
0 30
0 31
0 32
0 33
0 34
0 35
0 36
0 37
0 38
0 39
0 40
0 41
0 42
0 43
0 44
0 45
1 0
1 1
1 25
1 26
1 35
1 36
1 37
1 38
1 39
1 40
1 41
1 42
1 43
1 44
1 87
1 88
1 119
1 120
1 149
1 150
1 177
1 178
1 200
1 201
1 221
1 222
1 237
1 252
1 268
1 269
1 283
1 284
1 421
1 441
1 508
1 519
1 530
1 541
1 552
1 563
1 572
1 581
1 590
1 599
1 608
1 623
2 0
2 2
2 3
2 4
2 5
2 6
2 23
2 24
2 26
2 28
2 30
2 32
2 34
2 41
2 63
2 64
2 96
2 126
2 154
2 155
2 156
2 157
2 175
2 176
2 178
2 285
2 321
2 356
2 390
2 422
2 455
2 471
2 509
2 520
2 531
2 542
2 553
2 564
2 573
2 582
2 591
2 600
2 609
2 617
2 620
2 622
3 0
3 2
3 3
3 4
3 5
3 7
3 23
3 24
3 26
3 28
3 30
3 32
3 34
3 40
3 62
3 65
3 97
3 127
3 155
3 179
3 180
3 181
3 198
3 199
3 201
3 286
3 322
3 357
3 391
3 423
3 456
3 472
3 510
3 521
3 532
3 543
3 554
3 565
3 574
3 583
3 592
3 601
3 610
3 618
3 620
3 621
4 0
4 2
4 3
4 4
4 5
4 8
4 23
4 24
4 26
4 28
4 30
4 32
4 34
4 39
4 61
4 66
4 98
4 128
4 156
4 180
4 202
4 203
4 219
4 220
4 222
4 287
4 323
4 358
4 392
4 424
4 457
4 473
4 511
4 522
4 533
4 544
4 555
4 566
4 575
4 584
4 593
4 602
4 611
4 617
4 618
4 619
5 0
5 2
5 3
5 4
5 5
5 23
5 24
5 26
5 28
5 30
5 32
5 34
5 37
5 46
5 67
5 99
5 129
5 157
5 181
5 203
5 238
5 250
5 251
5 252
5 512
5 523
5 534
5 545
5 556
5 567
5 576
5 585
5 594
5 603
5 612
6 0
6 2
6 6
6 7
6 8
6 9
6 21
6 22
6 25
6 27
6 29
6 31
6 33
6 41
6 47
6 68
6 100
6 130
6 158
6 159
6 160
6 161
6 173
6 174
6 177
6 285
6 321
6 356
6 390
6 422
6 455
6 471
6 513
6 524
6 535
6 546
6 557
6 568
6 577
6 586
6 595
6 604
6 613
6 617
6 620
6 622
7 0
7 3
7 6
7 7
7 8
7 9
7 21
7 22
7 25
7 27
7 29
7 31
7 33
7 40
7 48
7 69
7 101
7 131
7 159
7 182
7 183
7 184
7 196
7 197
7 200
7 286
7 322
7 357
7 391
7 423
7 456
7 472
7 514
7 525
7 536
7 547
7 558
7 569
7 578
7 587
7 596
7 605
7 614
7 618
7 620
7 621
8 0
8 4
8 6
8 7
8 8
8 9
8 21
8 22
8 25
8 27
8 29
8 31
8 33
8 39
8 49
8 70
8 102
8 132
8 160
8 183
8 204
8 205
8 217
8 218
8 221
8 287
8 323
8 358
8 392
8 424
8 457
8 473
8 515
8 526
8 537
8 548
8 559
8 570
8 579
8 588
8 597
8 606
8 615
8 617
8 618
8 619
9 0
9 6
9 7
9 8
9 9
9 21
9 22
9 25
9 27
9 29
9 31
9 33
9 38
9 50
9 71
9 103
9 133
9 161
9 184
9 205
9 223
9 235
9 236
9 237
9 516
9 527
9 538
9 549
9 560
9 571
9 580
9 589
9 598
9 607
9 616
10 0
10 10
10 11
10 12
10 13
10 14
10 15
10 16
10 17
10 18
10 19
10 20
10 51
10 72
10 104
10 134
10 162
10 185
10 206
10 224
10 239
10 253
10 270
10 288
10 308
10 324
10 343
10 359
10 377
10 393
10 409
10 425
10 442
10 458
10 474
10 486
10 497
10 608
10 609
10 610
10 611
10 612
10 613
10 614
10 615
10 616
11 0
11 10
11 11
11 12
11 13
11 14
11 15
11 16
11 17
11 18
11 19
11 20
11 52
11 73
11 105
11 135
11 163
11 186
11 207
11 225
11 240
11 254
11 271
11 289
11 309
11 325
11 344
11 360
11 378
11 394
11 410
11 426
11 443
11 459
11 475
11 487
11 498
11 599
11 600
11 601
11 602
11 603
11 604
11 605
11 606
11 607
12 0
12 10
12 11
12 12
12 13
12 14
12 15
12 16
12 17
12 18
12 19
12 20
12 53
12 74
12 106
12 136
12 164
12 187
12 208
12 226
12 241
12 255
12 272
12 290
12 310
12 326
12 345
12 361
12 379
12 395
12 411
12 427
12 444
12 460
12 476
12 488
12 499
12 590
12 591
12 592
12 593
12 594
12 595
12 596
12 597
12 598
13 0
13 10
13 11
13 12
13 13
13 14
13 15
13 16
13 17
13 18
13 19
13 20
13 54
13 75
13 107
13 137
13 165
13 188
13 209
13 227
13 242
13 256
13 273
13 291
13 311
13 327
13 346
13 362
13 380
13 396
13 412
13 428
13 445
13 461
13 477
13 489
13 500
13 581
13 582
13 583
13 584
13 585
13 586
13 587
13 588
13 589
14 0
14 10
14 11
14 12
14 13
14 14
14 15
14 16
14 17
14 18
14 19
14 20
14 55
14 76
14 108
14 138
14 166
14 189
14 210
14 228
14 243
14 257
14 274
14 292
14 312
14 328
14 347
14 363
14 381
14 397
14 413
14 429
14 446
14 462
14 478
14 490
14 501
14 572
14 573
14 574
14 575
14 576
14 577
14 578
14 579
14 580
15 0
15 10
15 11
15 12
15 13
15 14
15 15
15 16
15 17
15 18
15 19
15 20
15 56
15 77
15 109
15 139
15 167
15 190
15 211
15 229
15 244
15 258
15 275
15 293
15 313
15 329
15 348
15 364
15 382
15 398
15 414
15 430
15 447
15 463
15 479
15 491
15 502
15 563
15 564
15 565
15 566
15 567
15 568
15 569
15 570
15 571
16 0
16 10
16 11
16 12
16 13
16 14
16 15
16 16
16 17
16 18
16 19
16 20
16 78
16 110
16 140
16 168
16 191
16 212
16 230
16 245
16 259
16 276
16 294
16 314
16 330
16 349
16 365
16 383
16 399
16 415
16 431
16 448
16 464
16 480
16 492
16 503
16 552
16 553
16 554
16 555
16 556
16 557
16 558
16 559
16 560
16 561
16 562
17 0
17 10
17 11
17 12
17 13
17 14
17 15
17 16
17 17
17 18
17 19
17 20
17 79
17 111
17 141
17 169
17 192
17 213
17 231
17 246
17 260
17 277
17 295
17 315
17 331
17 350
17 366
17 384
17 400
17 416
17 432
17 449
17 465
17 481
17 493
17 504
17 541
17 542
17 543
17 544
17 545
17 546
17 547
17 548
17 549
17 550
17 551
18 0
18 10
18 11
18 12
18 13
18 14
18 15
18 16
18 17
18 18
18 19
18 20
18 80
18 112
18 142
18 170
18 193
18 214
18 232
18 247
18 261
18 278
18 296
18 316
18 332
18 351
18 367
18 385
18 401
18 417
18 433
18 450
18 466
18 482
18 494
18 505
18 530
18 531
18 532
18 533
18 534
18 535
18 536
18 537
18 538
18 539
18 540
19 0
19 10
19 11
19 12
19 13
19 14
19 15
19 16
19 17
19 18
19 19
19 20
19 81
19 113
19 143
19 171
19 194
19 215
19 233
19 248
19 262
19 279
19 297
19 317
19 333
19 352
19 368
19 386
19 402
19 418
19 434
19 451
19 467
19 483
19 495
19 506
19 519
19 520
19 521
19 522
19 523
19 524
19 525
19 526
19 527
19 528
19 529
20 0
20 10
20 11
20 12
20 13
20 14
20 15
20 16
20 17
20 18
20 19
20 20
20 82
20 114
20 144
20 172
20 195
20 216
20 234
20 249
20 263
20 280
20 298
20 318
20 334
20 353
20 369
20 387
20 403
20 419
20 435
20 452
20 468
20 484
20 496
20 507
20 508
20 509
20 510
20 511
20 512
20 513
20 514
20 515
20 516
20 517
20 518
21 0
21 6
21 7
21 8
21 9
21 21
21 22
21 23
21 25
21 27
21 29
21 31
21 33
21 35
21 57
21 83
21 115
21 145
21 173
21 196
21 217
21 235
21 264
21 281
21 283
21 299
21 335
21 370
21 404
21 436
21 469
21 471
21 472
21 473
21 485
21 497
21 498
21 499
21 500
21 501
21 502
21 503
21 504
21 505
21 506
21 507
22 0
22 6
22 7
22 8
22 9
22 21
22 22
22 24
22 25
22 27
22 29
22 31
22 33
22 36
22 58
22 84
22 116
22 146
22 174
22 197
22 218
22 236
22 264
22 265
22 268
22 300
22 336
22 371
22 405
22 437
22 455
22 456
22 457
22 469
22 470
22 486
22 487
22 488
22 489
22 490
22 491
22 492
22 493
22 494
22 495
22 496
23 0
23 2
23 3
23 4
23 5
23 21
23 23
23 24
23 26
23 28
23 30
23 32
23 34
23 35
23 59
23 85
23 117
23 147
23 175
23 198
23 219
23 250
23 266
23 282
23 284
23 299
23 335
23 370
23 404
23 436
23 469
23 471
23 472
23 473
23 474
23 475
23 476
23 477
23 478
23 479
23 480
23 481
23 482
23 483
23 484
23 485
24 0
24 2
24 3
24 4
24 5
24 22
24 23
24 24
24 26
24 28
24 30
24 32
24 34
24 36
24 60
24 86
24 118
24 148
24 176
24 199
24 220
24 251
24 266
24 267
24 269
24 300
24 336
24 371
24 405
24 437
24 455
24 456
24 457
24 458
24 459
24 460
24 461
24 462
24 463
24 464
24 465
24 466
24 467
24 468
24 469
24 470
25 0
25 1
25 6
25 7
25 8
25 9
25 21
25 22
25 25
25 26
25 27
25 29
25 31
25 33
25 87
25 119
25 149
25 177
25 200
25 221
25 237
25 268
25 283
25 301
25 337
25 372
25 406
25 422
25 423
25 424
25 436
25 437
25 438
25 441
25 442
25 443
25 444
25 445
25 446
25 447
25 448
25 449
25 450
25 451
25 452
25 453
25 454
26 0
26 1
26 2
26 3
26 4
26 5
26 23
26 24
26 25
26 26
26 28
26 30
26 32
26 34
26 88
26 120
26 150
26 178
26 201
26 222
26 252
26 269
26 284
26 301
26 337
26 372
26 406
26 421
26 422
26 423
26 424
26 425
26 426
26 427
26 428
26 429
26 430
26 431
26 432
26 433
26 434
26 435
26 436
26 437
26 438
26 439
26 440
27 0
27 6
27 7
27 8
27 9
27 21
27 22
27 25
27 27
27 28
27 29
27 31
27 33
27 302
27 338
27 373
27 390
27 391
27 392
27 404
27 405
27 406
27 407
27 409
27 410
27 411
27 412
27 413
27 414
27 415
27 416
27 417
27 418
27 419
27 420
28 0
28 2
28 3
28 4
28 5
28 23
28 24
28 26
28 27
28 28
28 30
28 32
28 34
28 302
28 338
28 373
28 390
28 391
28 392
28 393
28 394
28 395
28 396
28 397
28 398
28 399
28 400
28 401
28 402
28 403
28 404
28 405
28 406
28 407
28 408
29 0
29 6
29 7
29 8
29 9
29 21
29 22
29 25
29 27
29 29
29 30
29 31
29 33
29 42
29 89
29 121
29 130
29 131
29 132
29 133
29 145
29 146
29 149
29 151
29 303
29 339
29 356
29 357
29 358
29 370
29 371
29 372
29 373
29 374
29 377
29 378
29 379
29 380
29 381
29 382
29 383
29 384
29 385
29 386
29 387
29 388
29 389
30 0
30 2
30 3
30 4
30 5
30 23
30 24
30 26
30 28
30 29
30 30
30 32
30 34
30 42
30 90
30 122
30 126
30 127
30 128
30 129
30 147
30 148
30 150
30 152
30 303
30 339
30 356
30 357
30 358
30 359
30 360
30 361
30 362
30 363
30 364
30 365
30 366
30 367
30 368
30 369
30 370
30 371
30 372
30 373
30 374
30 375
30 376
31 0
31 6
31 7
31 8
31 9
31 21
31 22
31 25
31 27
31 29
31 31
31 32
31 33
31 43
31 91
31 100
31 101
31 102
31 103
31 115
31 116
31 119
31 121
31 123
31 304
31 321
31 322
31 323
31 335
31 336
31 337
31 338
31 339
31 340
31 343
31 344
31 345
31 346
31 347
31 348
31 349
31 350
31 351
31 352
31 353
31 354
31 355
32 0
32 2
32 3
32 4
32 5
32 23
32 24
32 26
32 28
32 30
32 31
32 32
32 34
32 43
32 92
32 96
32 97
32 98
32 99
32 117
32 118
32 120
32 122
32 124
32 304
32 321
32 322
32 323
32 324
32 325
32 326
32 327
32 328
32 329
32 330
32 331
32 332
32 333
32 334
32 335
32 336
32 337
32 338
32 339
32 340
32 341
32 342
33 0
33 6
33 7
33 8
33 9
33 21
33 22
33 25
33 27
33 29
33 31
33 33
33 34
33 44
33 68
33 69
33 70
33 71
33 83
33 84
33 87
33 89
33 91
33 93
33 285
33 286
33 287
33 299
33 300
33 301
33 302
33 303
33 304
33 305
33 308
33 309
33 310
33 311
33 312
33 313
33 314
33 315
33 316
33 317
33 318
33 319
33 320
34 0
34 2
34 3
34 4
34 5
34 23
34 24
34 26
34 28
34 30
34 32
34 33
34 34
34 44
34 64
34 65
34 66
34 67
34 85
34 86
34 88
34 90
34 92
34 94
34 285
34 286
34 287
34 288
34 289
34 290
34 291
34 292
34 293
34 294
34 295
34 296
34 297
34 298
34 299
34 300
34 301
34 302
34 303
34 304
34 305
34 306
34 307
35 0
35 1
35 21
35 23
35 35
35 36
35 37
35 38
35 39
35 40
35 41
35 42
35 43
35 44
35 83
35 85
35 115
35 117
35 145
35 147
35 173
35 175
35 196
35 198
35 217
35 219
35 235
35 250
35 264
35 266
35 270
35 271
35 272
35 273
35 274
35 275
35 276
35 277
35 278
35 279
35 280
35 281
35 282
35 283
35 284
36 0
36 1
36 22
36 24
36 35
36 36
36 37
36 38
36 39
36 40
36 41
36 42
36 43
36 44
36 84
36 86
36 116
36 118
36 146
36 148
36 174
36 176
36 197
36 199
36 218
36 220
36 236
36 251
36 253
36 254
36 255
36 256
36 257
36 258
36 259
36 260
36 261
36 262
36 263
36 264
36 265
36 266
36 267
36 268
36 269
37 0
37 1
37 5
37 35
37 36
37 37
37 38
37 39
37 40
37 41
37 42
37 43
37 44
37 67
37 99
37 129
37 157
37 181
37 203
37 238
37 239
37 240
37 241
37 242
37 243
37 244
37 245
37 246
37 247
37 248
37 249
37 250
37 251
37 252
38 0
38 1
38 9
38 35
38 36
38 37
38 38
38 39
38 40
38 41
38 42
38 43
38 44
38 71
38 103
38 133
38 161
38 184
38 205
38 223
38 224
38 225
38 226
38 227
38 228
38 229
38 230
38 231
38 232
38 233
38 234
38 235
38 236
38 237
39 0
39 1
39 4
39 8
39 35
39 36
39 37
39 38
39 39
39 40
39 41
39 42
39 43
39 44
39 66
39 70
39 98
39 102
39 128
39 132
39 156
39 160
39 180
39 183
39 202
39 203
39 204
39 205
39 206
39 207
39 208
39 209
39 210
39 211
39 212
39 213
39 214
39 215
39 216
39 217
39 218
39 219
39 220
39 221
39 222
40 0
40 1
40 3
40 7
40 35
40 36
40 37
40 38
40 39
40 40
40 41
40 42
40 43
40 44
40 65
40 69
40 97
40 101
40 127
40 131
40 155
40 159
40 179
40 180
40 181
40 182
40 183
40 184
40 185
40 186
40 187
40 188
40 189
40 190
40 191
40 192
40 193
40 194
40 195
40 196
40 197
40 198
40 199
40 200
40 201
41 0
41 1
41 2
41 6
41 35
41 36
41 37
41 38
41 39
41 40
41 41
41 42
41 43
41 44
41 64
41 68
41 96
41 100
41 126
41 130
41 154
41 155
41 156
41 157
41 158
41 159
41 160
41 161
41 162
41 163
41 164
41 165
41 166
41 167
41 168
41 169
41 170
41 171
41 172
41 173
41 174
41 175
41 176
41 177
41 178
42 0
42 1
42 29
42 30
42 35
42 36
42 37
42 38
42 39
42 40
42 41
42 42
42 43
42 44
42 89
42 90
42 121
42 122
42 126
42 127
42 128
42 129
42 130
42 131
42 132
42 133
42 134
42 135
42 136
42 137
42 138
42 139
42 140
42 141
42 142
42 143
42 144
42 145
42 146
42 147
42 148
42 149
42 150
42 151
42 152
42 153
43 0
43 1
43 31
43 32
43 35
43 36
43 37
43 38
43 39
43 40
43 41
43 42
43 43
43 44
43 91
43 92
43 96
43 97
43 98
43 99
43 100
43 101
43 102
43 103
43 104
43 105
43 106
43 107
43 108
43 109
43 110
43 111
43 112
43 113
43 114
43 115
43 116
43 117
43 118
43 119
43 120
43 121
43 122
43 123
43 124
43 125
44 0
44 1
44 33
44 34
44 35
44 36
44 37
44 38
44 39
44 40
44 41
44 42
44 43
44 44
44 64
44 65
44 66
44 67
44 68
44 69
44 70
44 71
44 72
44 73
44 74
44 75
44 76
44 77
44 78
44 79
44 80
44 81
44 82
44 83
44 84
44 85
44 86
44 87
44 88
44 89
44 90
44 91
44 92
44 93
44 94
44 95
45 0
45 45
45 46
45 47
45 48
45 49
45 50
45 51
45 52
45 53
45 54
45 55
45 56
45 57
45 58
45 59
45 60
45 61
45 62
45 63
46 5
46 45
46 46
46 59
46 60
46 61
46 62
46 63
46 681
46 686
46 691
46 696
46 701
46 706
47 6
47 45
47 47
47 48
47 49
47 50
47 57
47 58
47 63
47 624
47 625
47 626
47 633
47 634
47 682
47 687
47 692
47 697
47 702
47 707
48 7
48 45
48 47
48 48
48 49
48 50
48 57
48 58
48 62
48 625
48 635
48 636
48 643
48 644
48 683
48 688
48 693
48 698
48 703
48 708
49 8
49 45
49 47
49 48
49 49
49 50
49 57
49 58
49 61
49 626
49 636
49 645
49 652
49 653
49 684
49 689
49 694
49 699
49 704
49 709
50 9
50 45
50 47
50 48
50 49
50 50
50 57
50 58
50 685
50 690
50 695
50 700
50 705
50 710
51 10
51 45
51 51
51 52
51 53
51 54
51 55
51 56
51 627
51 637
51 646
51 654
51 662
51 669
51 675
51 706
51 707
51 708
51 709
51 710
52 11
52 45
52 51
52 52
52 53
52 54
52 55
52 56
52 628
52 638
52 647
52 655
52 663
52 670
52 676
52 701
52 702
52 703
52 704
52 705
53 12
53 45
53 51
53 52
53 53
53 54
53 55
53 56
53 629
53 639
53 648
53 656
53 664
53 671
53 677
53 696
53 697
53 698
53 699
53 700
54 13
54 45
54 51
54 52
54 53
54 54
54 55
54 56
54 630
54 640
54 649
54 657
54 665
54 672
54 678
54 691
54 692
54 693
54 694
54 695
55 14
55 45
55 51
55 52
55 53
55 54
55 55
55 56
55 631
55 641
55 650
55 658
55 666
55 673
55 679
55 686
55 687
55 688
55 689
55 690
56 15
56 45
56 51
56 52
56 53
56 54
56 55
56 56
56 632
56 642
56 651
56 659
56 667
56 674
56 680
56 681
56 682
56 683
56 684
56 685
57 21
57 45
57 47
57 48
57 49
57 50
57 57
57 58
57 59
57 633
57 643
57 652
57 660
57 668
57 675
57 676
57 677
57 678
57 679
57 680
58 22
58 45
58 47
58 48
58 49
58 50
58 57
58 58
58 60
58 634
58 644
58 653
58 660
58 661
58 669
58 670
58 671
58 672
58 673
58 674
59 23
59 45
59 46
59 57
59 59
59 60
59 61
59 62
59 63
59 633
59 643
59 652
59 660
59 662
59 663
59 664
59 665
59 666
59 667
59 668
60 24
60 45
60 46
60 58
60 59
60 60
60 61
60 62
60 63
60 634
60 644
60 653
60 654
60 655
60 656
60 657
60 658
60 659
60 660
60 661
61 4
61 45
61 46
61 49
61 59
61 60
61 61
61 62
61 63
61 626
61 636
61 645
61 646
61 647
61 648
61 649
61 650
61 651
61 652
61 653
62 3
62 45
62 46
62 48
62 59
62 60
62 61
62 62
62 63
62 625
62 635
62 636
62 637
62 638
62 639
62 640
62 641
62 642
62 643
62 644
63 2
63 45
63 46
63 47
63 59
63 60
63 61
63 62
63 63
63 624
63 625
63 626
63 627
63 628
63 629
63 630
63 631
63 632
63 633
63 634
73 11
73 44
73 72
73 73
73 74
73 75
73 76
73 77
73 78
73 79
73 80
73 81
73 82
73 105
73 135
73 163
73 186
73 207
73 225
73 240
73 254
73 271
73 289
73 309
73 599
73 717
73 733
73 751
73 766
73 784
73 800
73 817
73 833
73 849
73 865
73 881
73 893
73 904
73 996
73 997
73 998
73 999
73 1000
73 1001
73 1002
73 1003
74 12
74 44
74 72
74 73
74 74
74 75
74 76
74 77
74 78
74 79
74 80
74 81
74 82
74 106
74 136
74 164
74 187
74 208
74 226
74 241
74 255
74 272
74 290
74 310
74 590
74 718
74 734
74 752
74 767
74 785
74 801
74 818
74 834
74 850
74 866
74 882
74 894
74 905
74 988
74 989
74 990
74 991
74 992
74 993
74 994
74 995
75 13
75 44
75 72
75 73
75 74
75 75
75 76
75 77
75 78
75 79
75 80
75 81
75 82
75 107
75 137
75 165
75 188
75 209
75 227
75 242
75 256
75 273
75 291
75 311
75 581
75 719
75 735
75 753
75 768
75 786
75 802
75 819
75 835
75 851
75 867
75 883
75 895
75 906
75 980
75 981
75 982
75 983
75 984
75 985
75 986
75 987
76 14
76 44
76 72
76 73
76 74
76 75
76 76
76 77
76 78
76 79
76 80
76 81
76 82
76 108
76 138
76 166
76 189
76 210
76 228
76 243
76 257
76 274
76 292
76 312
76 572
76 720
76 736
76 754
76 769
76 787
76 803
76 820
76 836
76 852
76 868
76 884
76 896
76 907
76 972
76 973
76 974
76 975
76 976
76 977
76 978
76 979
77 15
77 44
77 72
77 73
77 74
77 75
77 76
77 77
77 78
77 79
77 80
77 81
77 82
77 109
77 139
77 167
77 190
77 211
77 229
77 244
77 258
77 275
77 293
77 313
77 563
77 721
77 737
77 755
77 770
77 788
77 804
77 821
77 837
77 853
77 869
77 885
77 897
77 908
77 964
77 965
77 966
77 967
77 968
77 969
77 970
77 971
78 16
78 44
78 72
78 73
78 74
78 75
78 76
78 77
78 78
78 79
78 80
78 81
78 82
78 110
78 140
78 168
78 191
78 212
78 230
78 245
78 259
78 276
78 294
78 314
78 552
78 738
78 756
78 771
78 789
78 805
78 822
78 838
78 854
78 870
78 886
78 898
78 909
78 954
78 955
78 956
78 957
78 958
78 959
78 960
78 961
78 962
78 963
79 17
79 44
79 72
79 73
79 74
79 75
79 76
79 77
79 78
79 79
79 80
79 81
79 82
79 111
79 141
79 169
79 192
79 213
79 231
79 246
79 260
79 277
79 295
79 315
79 541
79 739
79 757
79 772
79 790
79 806
79 823
79 839
79 855
79 871
79 887
79 899
79 910
79 944
79 945
79 946
79 947
79 948
79 949
79 950
79 951
79 952
79 953
80 18
80 44
80 72
80 73
80 74
80 75
80 76
80 77
80 78
80 79
80 80
80 81
80 82
80 112
80 142
80 170
80 193
80 214
80 232
80 247
80 261
80 278
80 296
80 316
80 530
80 740
80 758
80 773
80 791
80 807
80 824
80 840
80 856
80 872
80 888
80 900
80 911
80 934
80 935
80 936
80 937
80 938
80 939
80 940
80 941
80 942
80 943
81 19
81 44
81 72
81 73
81 74
81 75
81 76
81 77
81 78
81 79
81 80
81 81
81 82
81 113
81 143
81 171
81 194
81 215
81 233
81 248
81 262
81 279
81 297
81 317
81 519
81 741
81 759
81 774
81 792
81 808
81 825
81 841
81 857
81 873
81 889
81 901
81 912
81 924
81 925
81 926
81 927
81 928
81 929
81 930
81 931
81 932
81 933
82 20
82 44
82 72
82 73
82 74
82 75
82 76
82 77
82 78
82 79
82 80
82 81
82 82
82 114
82 144
82 172
82 195
82 216
82 234
82 249
82 263
82 280
82 298
82 318
82 508
82 742
82 760
82 775
82 793
82 809
82 826
82 842
82 858
82 874
82 890
82 902
82 913
82 914
82 915
82 916
82 917
82 918
82 919
82 920
82 921
82 922
82 923
83 21
83 33
83 35
83 44
83 68
83 69
83 70
83 71
83 83
83 84
83 85
83 87
83 89
83 91
83 93
83 115
83 145
83 173
83 196
83 217
83 235
83 264
83 281
83 283
83 299
83 722
83 743
83 776
83 810
83 843
83 875
83 877
83 878
83 879
83 891
83 903
83 904
83 905
83 906
83 907
83 908
83 909
83 910
83 911
83 912
83 913
84 22
84 33
84 36
84 44
84 68
84 69
84 70
84 71
84 83
84 84
84 86
84 87
84 89
84 91
84 93
84 116
84 146
84 174
84 197
84 218
84 236
84 264
84 265
84 268
84 300
84 723
84 744
84 777
84 811
84 844
84 861
84 862
84 863
84 875
84 876
84 892
84 893
84 894
84 895
84 896
84 897
84 898
84 899
84 900
84 901
84 902
85 23
85 34
85 35
85 44
85 64
85 65
85 66
85 67
85 83
85 85
85 86
85 88
85 90
85 92
85 94
85 117
85 147
85 175
85 198
85 219
85 250
85 266
85 282
85 284
85 299
85 724
85 743
85 776
85 810
85 843
85 875
85 877
85 878
85 879
85 880
85 881
85 882
85 883
85 884
85 885
85 886
85 887
85 888
85 889
85 890
85 891
86 24
86 34
86 36
86 44
86 64
86 65
86 66
86 67
86 84
86 85
86 86
86 88
86 90
86 92
86 94
86 118
86 148
86 176
86 199
86 220
86 251
86 266
86 267
86 269
86 300
86 725
86 744
86 777
86 811
86 844
86 861
86 862
86 863
86 864
86 865
86 866
86 867
86 868
86 869
86 870
86 871
86 872
86 873
86 874
86 875
86 876
87 1
87 25
87 33
87 44
87 68
87 69
87 70
87 71
87 83
87 84
87 87
87 88
87 89
87 91
87 93
87 119
87 149
87 177
87 200
87 221
87 237
87 268
87 283
87 301
87 441
87 745
87 778
87 812
87 829
87 830
87 831
87 843
87 844
87 845
87 848
87 849
87 850
87 851
87 852
87 853
87 854
87 855
87 856
87 857
87 858
87 859
87 860
88 1
88 26
88 34
88 44
88 64
88 65
88 66
88 67
88 85
88 86
88 87
88 88
88 90
88 92
88 94
88 120
88 150
88 178
88 201
88 222
88 252
88 269
88 284
88 301
88 421
88 745
88 778
88 812
88 829
88 830
88 831
88 832
88 833
88 834
88 835
88 836
88 837
88 838
88 839
88 840
88 841
88 842
88 843
88 844
88 845
88 846
88 847
89 29
89 33
89 42
89 44
89 68
89 69
89 70
89 71
89 83
89 84
89 87
89 89
89 90
89 91
89 93
89 121
89 130
89 131
89 132
89 133
89 145
89 146
89 149
89 151
89 303
89 746
89 779
89 796
89 797
89 798
89 810
89 811
89 812
89 813
89 816
89 817
89 818
89 819
89 820
89 821
89 822
89 823
89 824
89 825
89 826
89 827
89 828
90 30
90 34
90 42
90 44
90 64
90 65
90 66
90 67
90 85
90 86
90 88
90 89
90 90
90 92
90 94
90 122
90 126
90 127
90 128
90 129
90 147
90 148
90 150
90 152
90 303
90 746
90 779
90 796
90 797
90 798
90 799
90 800
90 801
90 802
90 803
90 804
90 805
90 806
90 807
90 808
90 809
90 810
90 811
90 812
90 813
90 814
90 815
91 31
91 33
91 43
91 44
91 68
91 69
91 70
91 71
91 83
91 84
91 87
91 89
91 91
91 92
91 93
91 100
91 101
91 102
91 103
91 115
91 116
91 119
91 121
91 123
91 304
91 747
91 762
91 763
91 764
91 776
91 777
91 778
91 779
91 780
91 783
91 784
91 785
91 786
91 787
91 788
91 789
91 790
91 791
91 792
91 793
91 794
91 795
92 32
92 34
92 43
92 44
92 64
92 65
92 66
92 67
92 85
92 86
92 88
92 90
92 91
92 92
92 94
92 96
92 97
92 98
92 99
92 117
92 118
92 120
92 122
92 124
92 304
92 747
92 762
92 763
92 764
92 765
92 766
92 767
92 768
92 769
92 770
92 771
92 772
92 773
92 774
92 775
92 776
92 777
92 778
92 779
92 780
92 781
92 782
93 33
93 44
93 68
93 69
93 70
93 71
93 83
93 84
93 87
93 89
93 91
93 93
93 94
93 305
93 729
93 730
93 731
93 743
93 744
93 745
93 746
93 747
93 748
93 750
93 751
93 752
93 753
93 754
93 755
93 756
93 757
93 758
93 759
93 760
93 761
94 34
94 44
94 64
94 65
94 66
94 67
94 85
94 86
94 88
94 90
94 92
94 93
94 94
94 305
94 729
94 730
94 731
94 732
94 733
94 734
94 735
94 736
94 737
94 738
94 739
94 740
94 741
94 742
94 743
94 744
94 745
94 746
94 747
94 748
94 749
95 44
95 95
95 711
95 712
95 713
95 714
95 715
95 716
95 717
95 718
95 719
95 720
95 721
95 722
95 723
95 724
95 725
95 726
95 727
95 728