42 96
0 1
0 2
0 3
0 4
1 5
1 7
1 9
2 0
2 9
2 10
3 0
3 7
3 8
4 0
4 5
4 6
5 1
5 11
6 4
6 11
7 1
7 13
8 3
8 12
8 13
9 1
9 15
10 2
10 14
10 15
11 5
11 16
12 17
12 19
13 7
13 17
13 18
14 20
14 22
15 9
15 20
15 21
16 23
17 25
17 26
18 24
19 12
19 26
19 27
20 29
20 30
21 28
22 14
22 27
22 30
23 16
23 31
24 18
24 31
25 33
26 17
26 32
27 19
27 22
27 32
27 34
28 21
28 31
29 35
30 20
30 32
31 23
31 24
31 28
32 26
32 30
32 36
33 25
33 37
34 27
34 36
34 38
35 29
35 37
36 32
36 39
37 33
37 35
37 40
38 34
38 39
39 36
39 41
40 37
40 41
41 40