103 199
0 1
0 2
0 3
0 4
0 5
0 6
0 7
0 8
1 0
1 12
1 22
1 28
1 32
1 38
1 39
1 42
1 45
1 46
1 49
1 50
2 0
2 9
2 16
2 27
2 33
2 34
2 43
2 44
2 45
2 46
2 47
2 48
3 0
3 10
3 17
3 23
3 31
3 37
3 39
3 40
3 41
3 42
3 43
3 44
4 0
4 19
4 25
4 30
4 31
4 32
4 33
4 34
4 35
4 36
4 37
4 38
5 0
5 13
5 20
5 26
5 27
5 28
5 29
5 30
6 0
6 14
6 21
6 22
6 23
6 24
6 25
6 26
7 0
7 15
7 16
7 17
7 18
7 19
7 20
7 21
8 0
8 9
8 10
8 11
8 12
8 13
8 14
8 15
9 2
9 8
9 54
9 62
9 66
9 72
9 74
9 75
9 76
9 79
9 80
10 3
10 8
10 51
10 57
10 67
10 68
10 73
10 75
10 76
10 77
10 78
11 8
11 11
11 53
11 59
11 64
11 71
11 73
11 74
12 1
12 8
12 60
12 65
12 66
12 67
12 68
12 69
12 70
12 71
12 72
13 5
13 8
13 55
13 61
13 62
13 63
13 64
13 65
14 6
14 8
14 56
14 57
14 58
14 59
14 60
14 61
15 7
15 8
15 51
15 52
15 53
15 54
15 55
15 56
17 3
17 7
17 51
17 81
17 91
17 92
17 97
17 99
17 100
17 101
17 102
18 7
18 18
18 52
18 83
18 88
18 95
18 97
18 98
19 4
19 7
19 84
19 89
19 90
19 91
19 92
19 93
19 94
19 95
19 96
20 5
20 7
20 55
20 85
20 86
20 87
20 88
20 89
21 6
21 7
21 56
21 81
21 82
21 83
21 84
21 85