502 1006
0 1
0 2
0 3
0 4
0 5
0 6
0 7
0 8
1 14
1 34
1 35
1 36
1 37
2 14
2 25
2 31
2 32
2 33
3 14
3 28
3 29
3 30
4 15
4 19
4 26
4 27
5 10
5 16
5 20
5 23
5 24
5 25
6 14
6 19
6 20
6 21
6 22
7 14
7 15
7 16
7 17
7 18
8 9
8 10
8 11
8 12
8 13
8 14
9 38
9 40
9 44
9 49
9 55
9 56
10 39
10 41
10 45
10 50
10 53
10 54
11 47
11 49
11 50
11 51
11 52
12 44
12 45
12 46
12 47
12 48
13 40
13 41
13 42
13 43
14 38
14 39
15 38
15 57
15 62
15 68
15 69
16 39
16 58
16 63
16 66
16 67
17 60
17 62
17 63
17 64
17 65
18 57
18 58
18 59
18 60
18 61
19 38
19 70
19 76
19 82
19 83
20 39
20 71
20 77
20 80
20 81
21 74
21 76
21 77
21 78
21 79
22 70
22 71
22 72
22 73
22 74
22 75
23 53
23 66
23 80
23 84
23 91
24 54
24 67
24 81
24 85
24 88
24 89
24 90
25 39
25 84
25 85
25 86
25 87
26 55
26 68
26 82
26 95
26 96
27 56
27 69
27 83
27 90
27 92
27 93
27 94
28 38
28 93
28 97
28 103
29 39
29 88
29 98
29 102
30 97
30 98
30 99
30 100
30 101
31 38
31 94
31 95
31 104
31 108
32 86
32 106
32 108
32 109
32 110
33 87
33 104
33 105
33 106
33 107
34 38
34 92
34 111
34 116
34 121
35 39
35 89
35 112
35 117
35 120
36 114
36 116
36 117
36 118
36 119
37 111
37 112
37 113
37 114
37 115
38 124
38 125
39 122
39 123
40 126
40 128
40 135
40 136
41 127
41 129
41 133
41 134
42 128
42 129
42 130
42 131
42 132
43 126
43 127
44 137
44 140
44 144
44 150
44 151
45 138
45 141
45 145
45 148
45 149
46 139
46 144
46 145
46 146
46 147
47 140
47 141
47 142
47 143
48 137
48 138
48 139
49 140
49 152
49 155
49 160
49 161
50 141
50 153
50 156
50 158
50 159
51 147
51 154
51 155
51 156
51 157
52 152
52 153
52 154
53 133
53 148
53 158
53 163
54 123
54 134
54 149
54 159
54 162
55 124
55 135
55 150
55 160
55 164
56 125
56 136
56 151
56 161
56 162
57 165
57 168
57 170
57 176
57 177
58 166
58 169
58 171
58 174
58 175
59 167
59 170
59 171
59 172
59 173
60 143
60 168
60 169
61 165
61 166
61 167
62 168
62 178
62 181
62 186
62 187
63 169
63 179
63 182
63 184
63 185
64 173
64 180
64 181
64 182
64 183
65 178
65 179
65 180
66 122
66 174
66 184
66 189
67 123
67 175
67 185
67 188
68 124
68 176
68 186
68 190
69 125
69 177
69 187
69 188
70 191
70 195
70 197
70 201
70 207
70 208
71 192
71 196
71 198
71 202
71 205
71 206
72 193
72 201
72 202
72 203
72 204
73 194
73 197
73 198
73 199
73 200
74 143
74 195
74 196
75 191
75 192
75 193
75 194
76 195
76 209
76 212
76 217
76 218
77 196
77 210
77 213
77 215
77 216
78 204
78 211
78 212
78 213
78 214
79 209
79 210
79 211
80 122
80 205
80 215
80 220
81 123
81 206
81 216
81 219
82 124
82 207
82 217
82 221
83 125
83 208
83 218
83 219
84 222
84 227
84 232
85 123
85 223
85 228
85 231
86 225
86 227
86 228
86 229
86 230
87 222
87 223
87 224
87 225
87 226
88 123
88 237
88 238
89 123
89 234
89 235
89 236
90 188
90 219
90 233
91 189
91 220
91 233
92 125
92 234
92 242
92 243
93 125
93 237
93 241
94 125
94 231
94 239
94 240
95 124
95 244
95 247
95 248
96 164
96 190
96 221
96 233
96 244
96 245
96 246
97 241
97 249
97 252
97 254
97 259
98 238
98 250
98 253
98 255
98 258
99 251
99 254
99 255
99 256
99 257
100 143
100 252
100 253
101 249
101 250
101 251
102 258
102 260
103 124
103 246
103 259
104 240
104 248
104 261
104 263
104 264
105 224
105 262
105 264
105 265
105 266
106 143
106 225
106 263
107 226
107 261
107 262
108 239
108 247
108 263
108 267
108 269
109 229
109 266
109 268
109 269
109 270
110 230
110 267
110 268
111 243
111 271
111 274
111 276
111 281
112 236
112 272
112 275
112 277
112 280
113 273
113 276
113 277
113 278
113 279
114 143
114 274
114 275
115 271
115 272
115 273
116 242
116 274
116 282
116 285
116 289
117 235
117 275
117 283
117 286
117 288
118 279
118 284
118 285
118 286
118 287
119 282
119 283
119 284
120 280
120 288
120 290
121 124
121 245
121 281
121 289
122 292
123 291
124 293
125 291
126 296
126 297
127 294
127 295
128 298
128 300
128 305
128 311
128 312
129 299
129 301
129 306
129 309
129 310
130 303
130 305
130 306
130 307
130 308
131 300
131 301
131 302
131 303
131 304
132 298
132 299
133 309
133 314
134 295
134 310
134 313
135 296
135 311
135 315
136 297
136 312
136 313
137 316
137 321
137 322
138 317
138 319
138 320
139 316
139 317
139 318
140 323
140 325
140 330
140 331
141 324
141 326
141 328
141 329
142 303
142 325
142 326
142 327
143 323
143 324
144 316
144 332
144 337
144 341
144 342
145 317
145 333
145 338
145 339
145 340
146 318
146 334
146 337
146 338
147 332
147 333
147 334
147 335
147 336
148 328
148 339
148 344
149 320
149 329
149 340
149 343
150 321
150 330
150 341
150 345
151 322
151 331
151 342
151 343
152 346
152 351
152 352
153 347
153 349
153 350
154 346
154 347
154 348
155 332
155 346
155 353
155 357
155 358
156 333
156 347
156 354
156 355
156 356
157 334
157 348
157 353
157 354
158 328
158 355
158 360
159 329
159 350
159 356
159 359
160 330
160 351
160 357
160 361
161 331
161 352
161 358
161 359
162 291
162 313
162 343
162 359
162 362
163 314
163 344
163 360
163 362
164 293
164 315
164 345
164 361
164 362
165 363
165 368
165 369
166 364
166 366
166 367
167 363
167 364
167 365
168 323
168 372
168 373
169 324
169 370
169 371
170 363
170 374
170 377
170 381
170 382
171 364
171 375
171 378
171 379
171 380
172 365
172 376
172 377
172 378
173 336
173 374
173 375
173 376
174 366
174 370
174 379
174 384
175 367
175 371
175 380
175 383
176 368
176 372
176 381
176 385
177 369
177 373
177 382
177 383
178 386
178 391
178 392
179 387
179 389
179 390
180 386
180 387
180 388
181 374
181 386
181 393
181 397
181 398
182 375
182 387
182 394
182 395
182 396
183 376
183 388
183 393
183 394
184 370
184 389
184 395
184 400
185 371
185 390
185 396
185 399
186 372
186 391
186 397
186 401
187 373
187 392
187 398
187 399
188 291
188 383
188 399
188 402
189 292
189 384
189 400
189 402
190 293
190 385
190 401
190 402
191 403
191 406
191 411
191 412
192 404
192 407
192 409
192 410
193 406
193 407
193 408
194 403
194 404
194 405
195 323
195 415
195 416
196 324
196 413
196 414
197 403
197 417
197 420
197 424
197 425
198 404
198 418
198 421
198 422
198 423
199 405
199 419
199 420
199 421
200 336
200 417
200 418
200 419
201 406
201 426
201 429
201 433
201 434
202 407
202 427
202 430
202 431
202 432
203 408
203 428
203 429
203 430
204 336
204 426
204 427
204 428
205 409
205 413
205 422
205 431
205 436
206 410
206 414
206 423
206 432
206 435
207 411
207 415
207 424
207 433
207 437
208 412
208 416
208 425
208 434
208 435
209 438
209 443
209 444
210 439
210 441
210 442
211 438
211 439
211 440
212 426
212 438
212 445
212 449
212 450
213 427
213 439
213 446
213 447
213 448
214 428
214 440
214 445
214 446
215 413
215 441
215 447
215 452
216 414
216 442
216 448
216 451
217 415
217 443
217 449
217 453
218 416
218 444
218 450
218 451
219 291
219 435
219 451
219 454
220 292
220 436
220 452
220 454
221 293
221 437
221 453
221 454
222 458
222 460
222 465
223 456
223 459
223 461
223 464
224 457
224 460
224 461
224 462
224 463
225 324
225 458
225 459
226 455
226 456
226 457
227 458
227 469
227 473
228 459
228 467
228 470
228 472
229 463
229 468
229 469
229 470
229 471
230 466
230 467
230 468
231 291
231 464
231 472
231 474
232 465
232 473
232 474
233 362
233 402
233 454
233 474
234 291
234 475
234 479
234 482
235 477
235 479
235 480
235 481
236 475
236 476
236 477
236 478
237 291
237 483
237 487
238 483
238 484
238 485
238 486
239 472
239 489
239 491
239 492
240 464
240 488
240 489
240 490
241 483
241 493
241 494
241 495
242 479
242 497
242 499
242 500
243 475
243 496
243 497
243 498
246 293
246 487
246 501